  -8.00000000       1.60381094E-28   0.00000000       0.00000000       0.00000000       0.00000000       0.00000000       0.00000000       0.00000000    
  -7.96000004       3.03673724E-28   6.38544323E-26   2.40367890E-23   6.09766776E-18   0.00000000      -6.38539885E-26  -2.40367890E-23  -6.09766776E-18
  -7.92000008       5.73151744E-28   1.27437583E-25   4.93637537E-23   1.34565072E-17   0.00000000      -1.27436707E-25  -4.93637537E-23  -1.34565072E-17
  -7.88000011       1.07831017E-27   2.37341672E-25   1.02615834E-22   1.27023840E-17   0.00000000      -2.37340094E-25  -1.02615834E-22  -1.27023840E-17
  -7.84000015       2.02221739E-27   4.39861347E-25   1.94316333E-22   1.15218203E-17   0.00000000      -4.39858684E-25  -1.94316333E-22  -1.15218203E-17
  -7.80000019       3.78026267E-27   8.12126977E-25   3.36416284E-22   2.04602463E-17   0.00000000      -8.12122343E-25  -3.36416284E-22  -2.04602463E-17
  -7.76000023       7.04413731E-27   1.49551974E-24   5.61322320E-22   5.18065335E-17   0.00000000      -1.49551176E-24  -5.61322320E-22  -5.18065335E-17
  -7.72000027       1.30840454E-26   2.74659279E-24   9.67123982E-22   1.12660544E-16   0.00000000      -2.74657938E-24  -9.67123982E-22  -1.12660544E-16
  -7.68000031       2.42252312E-26   5.02559459E-24   1.77083072E-21   2.04625266E-16   0.00000000      -5.02557211E-24  -1.77083072E-21  -2.04625266E-16
  -7.64000034       4.47097457E-26   9.15454227E-24   3.33253217E-21   3.36137190E-16   0.00000000      -9.15450361E-24  -3.33253217E-21  -3.36137190E-16
  -7.60000038       8.22523141E-26   1.66052617E-23   6.14823962E-21   5.42295110E-16   0.00000000      -1.66051955E-23  -6.14823962E-21  -5.42295110E-16
  -7.56000042       1.50835690E-25   3.00178835E-23   1.09182154E-20   8.97289953E-16   0.00000000      -3.00177667E-23  -1.09182154E-20  -8.97289953E-16
  -7.52000046       2.75721160E-25   5.41063160E-23   1.88961559E-20   1.51086961E-15   0.00000000      -5.41061141E-23  -1.88961559E-20  -1.51086961E-15
  -7.48000050       5.02395978E-25   9.72121624E-23   3.26563216E-20   2.52591069E-15   0.00000000      -9.72118153E-23  -3.26563216E-20  -2.52591069E-15
  -7.44000053       9.12502033E-25   1.73994190E-22   5.71653794E-20   4.15878354E-15   0.00000000      -1.73993585E-22  -5.71653794E-20  -4.15878354E-15
  -7.40000057       1.65207570E-24   3.10163220E-22   1.00938970E-19   6.81472692E-15   0.00000000      -3.10162084E-22  -1.00938970E-19  -6.81472692E-15
  -7.36000061       2.98151971E-24   5.50826052E-22   1.77564064E-19   1.12565410E-14   0.00000000      -5.50824033E-22  -1.77564064E-19  -1.12565410E-14
  -7.32000065       5.36358875E-24   9.74949785E-22   3.08930194E-19   1.87508531E-14   0.00000000      -9.74946251E-22  -3.08930194E-19  -1.87508531E-14
  -7.28000069       9.61796728E-24   1.72002273E-21   5.32252467E-19   3.11460317E-14   0.00000000      -1.72001586E-21  -5.32252467E-19  -3.11460317E-14
  -7.24000072       1.71917924E-23   3.02394250E-21   9.12594352E-19   5.09960794E-14   0.00000000      -3.02392998E-21  -9.12594352E-19  -5.09960794E-14
  -7.20000076       3.06315541E-23   5.29657802E-21   1.56206896E-18   8.20563168E-14   0.00000000      -5.29655540E-21  -1.56206896E-18  -8.20563168E-14
  -7.16000080       5.44037166E-23   9.24239595E-21   2.66887963E-18   1.30537806E-13   1.40129846E-45  -9.24235394E-21  -2.66887963E-18  -1.30537806E-13
  -7.12000084       9.63155683E-23   1.60695893E-20   4.54515026E-18   2.07253295E-13   5.60519386E-45  -1.60695101E-20  -4.54515026E-18  -2.07253295E-13
  -7.08000088       1.69971505E-22   2.78436781E-20   7.70927864E-18   3.30333715E-13   1.40129846E-44  -2.78435327E-20  -7.70927864E-18  -3.30333715E-13
  -7.04000092       2.98996256E-22   4.80813271E-20   1.30228156E-17   5.28028901E-13   4.48415509E-44  -4.80810622E-20  -1.30228156E-17  -5.28028901E-13
  -7.00000095       5.24280542E-22   8.27433032E-20   2.19080208E-17   8.41807364E-13   1.37327250E-43  -8.27428250E-20  -2.19080208E-17  -8.41807364E-13
  -6.96000099       9.16378996E-22   1.41890220E-19   3.66944467E-17   1.33159163E-12   4.20389539E-43  -1.41889354E-19  -3.66944467E-17  -1.33159163E-12
  -6.92000103       1.59659520E-21   2.42437849E-19   6.11900307E-17   2.08661604E-12   1.27518160E-42  -2.42436246E-19  -6.11900307E-17  -2.08661604E-12
  -6.88000107       2.77283846E-21   4.12734614E-19   1.01632644E-16   3.24559065E-12   3.84516299E-42  -4.12731822E-19  -1.01632644E-16  -3.24559065E-12
  -6.84000111       4.80027369E-21   7.00147487E-19   1.68232747E-16   5.02791298E-12   1.15214760E-41  -7.00142473E-19  -1.68232747E-16  -5.02791298E-12
  -6.80000114       8.28353690E-21   1.18357200E-18   2.77589267E-16   7.77510695E-12   3.43093916E-41  -1.18356300E-18  -2.77589267E-16  -7.77510695E-12
  -6.76000118       1.42487677E-20   1.99393665E-18   4.56434927E-16   1.20021415E-11   1.01512863E-40  -1.99392052E-18  -4.56434927E-16  -1.20021415E-11
  -6.72000122       2.44314240E-20   3.34762600E-18   7.47536752E-16   1.84650593E-11   2.98447146E-40  -3.34759746E-18  -7.47536752E-16  -1.84650593E-11
  -6.68000126       4.17571016E-20   5.60077913E-18   1.21914850E-15   2.82636553E-11   8.71827649E-40  -5.60072826E-18  -1.21914850E-15  -2.82636553E-11
  -6.64000130       7.11413132E-20   9.33731650E-18   1.98013116E-15   4.30097555E-11   2.53054324E-39  -9.33722799E-18  -1.98013116E-15  -4.30097555E-11
  -6.60000134       1.20816191E-19   1.55113769E-17   3.20377443E-15   6.50954221E-11   7.29827629E-39  -1.55112214E-17  -3.20377443E-15  -6.50954221E-11
  -6.56000137       2.04520458E-19   2.56770792E-17   5.16480584E-15   9.80895365E-11   2.09143095E-38  -2.56768079E-17  -5.16480584E-15  -9.80895365E-11
  -6.52000141       3.45112004E-19   4.23575038E-17   8.29655304E-15   1.47285031E-10   5.95511490E-38  -4.23570207E-17  -8.29655304E-15  -1.47285031E-10
  -6.48000145       5.80488212E-19   6.96339367E-17   1.32791083E-14   2.20430660E-10   1.68483271E-37  -6.96330897E-17  -1.32791083E-14  -2.20430660E-10
  -6.44000149       9.73277666E-19   1.14081905E-16   2.11750427E-14   3.28723160E-10   4.73634711E-37  -1.14080436E-16  -2.11750427E-14  -3.28723160E-10
  -6.40000153       1.62663506E-18   1.86252831E-16   3.36376163E-14   4.88207919E-10   1.32297086E-36  -1.86250316E-16  -3.36376163E-14  -4.88207919E-10
  -6.36000156       2.70990180E-18   3.03015925E-16   5.32296138E-14   7.21817772E-10   3.67178367E-36  -3.03011584E-16  -5.32296138E-14  -7.21817772E-10
  -6.32000160       4.50014998E-18   4.91252798E-16   8.39111902E-14   1.06234443E-09   1.01256749E-35  -4.91245334E-16  -8.39111902E-14  -1.06234443E-09
  -6.28000164       7.44924201E-18   7.93663836E-16   1.31783636E-13   1.55668145E-09   2.77456070E-35  -7.93651025E-16  -1.31783636E-13  -1.55668145E-09
  -6.24000168       1.22915201E-17   1.27783581E-15   2.06214603E-13   2.27172192E-09   7.55407338E-35  -1.27781379E-15  -2.06214603E-13  -2.27172192E-09
  -6.20000172       2.02167243E-17   2.05032372E-15   3.21523895E-13   3.30238192E-09   2.04357948E-34  -2.05028645E-15  -3.21523895E-13  -3.30238192E-09
  -6.16000175       3.31456069E-17   3.27845712E-15   4.99493188E-13   4.78242779E-09   5.49315627E-34  -3.27839401E-15  -4.99493188E-13  -4.78242779E-09
  -6.12000179       5.41690474E-17   5.22406300E-15   7.73100442E-13   6.89913460E-09   1.46714286E-33  -5.22395542E-15  -7.73100442E-13  -6.89913460E-09
  -6.08000183       8.82442564E-17   8.29547477E-15   1.19209102E-12   9.91329330E-09   3.89352455E-33  -8.29529181E-15  -1.19209102E-12  -9.91329330E-09
  -6.04000187       1.43295780E-16   1.31273217E-14   1.83128339E-12   1.41866501E-08   1.02668404E-32  -1.31270159E-14  -1.83128339E-12  -1.41866501E-08
  -6.00000191       2.31946976E-16   2.07022967E-14   2.80286948E-12   2.02194634E-08   2.68996983E-32  -2.07017834E-14  -2.80286948E-12  -2.02194634E-08
  -5.96000195       3.74244752E-16   3.25362668E-14   4.27444581E-12   2.87013915E-08   7.00295646E-32  -3.25354063E-14  -4.27444581E-12  -2.87013915E-08
  -5.92000198       6.01909341E-16   5.09591081E-14   6.49524184E-12   4.05796854E-08   1.81147418E-31  -5.09576749E-14  -6.49524184E-12  -4.05796854E-08
  -5.88000202       9.64979532E-16   7.95394702E-14   9.83417861E-12   5.71496059E-08   4.65592765E-31  -7.95370985E-14  -9.83417861E-12  -5.71496059E-08
  -5.84000206       1.54210945E-15   1.23724165E-13   1.48351591E-11   8.01736206E-08   1.18905072E-30  -1.23720207E-13  -1.48351591E-11  -8.01736206E-08
  -5.80000210       2.45653128E-15   1.91795690E-13   2.22973202E-11   1.12038478E-07   3.01727301E-30  -1.91789184E-13  -2.22973202E-11  -1.12038478E-07
  -5.76000214       3.90068667E-15   2.96301666E-13   3.33908873E-11   1.55962027E-07   7.60767907E-30  -2.96290959E-13  -3.33908873E-11  -1.55962027E-07
  -5.72000217       6.17402315E-15   4.56182618E-13   4.98231456E-11   2.16264738E-07   1.90592796E-29  -4.56165054E-13  -4.98231456E-11  -2.16264738E-07
  -5.68000221       9.74107964E-15   6.99930240E-13   7.40746353E-11   2.98724444E-07   4.74443122E-29  -6.99901400E-13  -7.40746353E-11  -2.98724444E-07
  -5.64000225       1.53198716E-14   1.07025369E-12   1.09734416E-10   4.11035757E-07   1.17349235E-28  -1.07020664E-12  -1.09734416E-10  -4.11035757E-07
  -5.60000229       2.40167383E-14   1.63093952E-12   1.61975336E-10   5.63401500E-07   2.88401846E-28  -1.63086320E-12  -1.61975336E-10  -5.63401500E-07
  -5.56000233       3.75303765E-14   2.47689976E-12   2.38226050E-10   7.69290295E-07   7.04264625E-28  -2.47677551E-12  -2.38226050E-10  -7.69290295E-07
  -5.52000237       5.84604115E-14   3.74884412E-12   3.49116014E-10   1.04640526E-06   1.70881004E-27  -3.74864419E-12  -3.49116014E-10  -1.04640526E-06
  -5.48000240       9.07719538E-14   5.65463995E-12   5.09795650E-10   1.41791884E-06   4.11977369E-27  -5.65431729E-12  -5.09795650E-10  -1.41791884E-06
  -5.44000244       1.40491975E-13   8.50027167E-12   7.41772310E-10   1.91403865E-06   9.86899736E-27  -8.49975472E-12  -7.41772310E-10  -1.91403865E-06
  -5.40000248       2.16751137E-13   1.27345356E-11   1.07545550E-09   2.57398142E-06   2.34905275E-26  -1.27337082E-11  -1.07545550E-09  -2.57398142E-06
  -5.36000252       3.33335275E-13   1.90132771E-11   1.55367785E-09   3.44844284E-06   5.55562010E-26  -1.90119569E-11  -1.55367785E-09  -3.44844284E-06
  -5.32000256       5.10989525E-13   2.82914629E-11   2.23654695E-09   4.60266710E-06   1.30555149E-25  -2.82893622E-11  -2.23654695E-09  -4.60266710E-06
  -5.28000259       7.80823323E-13   4.19546134E-11   3.20810178E-09   6.12024587E-06   3.04842527E-25  -4.19512758E-11  -3.20810178E-09  -6.12024587E-06
  -5.24000263       1.18933325E-12   6.20056437E-11   4.58539073E-09   8.10779966E-06   7.07256794E-25  -6.20003771E-11  -4.58539073E-09  -8.10779966E-06
  -5.20000267       1.80578154E-12   9.13294440E-11   6.53079502E-09   1.07007309E-05   1.63042354E-24  -9.13211451E-11  -6.53079502E-09  -1.07007309E-05
  -5.16000271       2.73298268E-12   1.34066022E-10   9.26868804E-09   1.40702814E-05   3.73459729E-24  -1.34052977E-10  -9.26868804E-09  -1.40702814E-05
  -5.12000275       4.12304999E-12   1.96135219E-10   1.31078925E-08   1.84321143E-05   8.49977036E-24  -1.96114791E-10  -1.31078925E-08  -1.84321143E-05
  -5.08000278       6.20026600E-12   2.85971580E-10   1.84718711E-08   2.40567224E-05   1.92216499E-23  -2.85939661E-10  -1.84718711E-08  -2.40567224E-05
  -5.04000282       9.29421904E-12   4.15549151E-10   2.59390873E-08   3.12818702E-05   4.31912547E-23  -4.15499524E-10  -2.59390873E-08  -3.12818702E-05
  -5.00000286       1.38875465E-11   6.01805272E-10   3.62967825E-08   4.05274477E-05   9.64319726E-23  -6.01728334E-10  -3.62967825E-08  -4.05274477E-05
  -4.96000290       2.06846502E-11   8.68609629E-10   5.06121793E-08   5.23130948E-05   2.13927364E-22  -8.68490613E-10  -5.06121793E-08  -5.23130948E-05
  -4.92000294       3.07101324E-11   1.24947863E-09   7.03263652E-08   6.72789320E-05   4.71556058E-22  -1.24929511E-09  -7.03263652E-08  -6.72789320E-05
  -4.88000298       4.54490889E-11   1.79130200E-09   9.73775229E-08   8.62100278E-05   1.03280982E-21  -1.79102033E-09  -9.73775229E-08  -8.62100278E-05
  -4.84000301       6.70469028E-11   2.55944199E-09   1.34362153E-07   1.10065012E-04   2.24764380E-21  -2.55901078E-09  -1.34362153E-07  -1.10065012E-04
  -4.80000305       9.85921414E-11   3.64468078E-09   1.84745204E-07   1.40009433E-04   4.86020551E-21  -3.64402264E-09  -1.84745204E-07  -1.40009433E-04
  -4.76000309       1.44516274E-10   5.17264942E-09   2.53133294E-07   1.77454072E-04   1.04424767E-20  -5.17164755E-09  -2.53133294E-07  -1.77454072E-04
  -4.72000313       2.11154927E-10   7.31656247E-09   3.45627569E-07   2.24098796E-04   2.22932009E-20  -7.31504235E-09  -3.45627569E-07  -2.24098796E-04
  -4.68000317       3.07535802E-10   1.03143591E-08   4.70277541E-07   2.81982124E-04   4.72891369E-20  -1.03120614E-08  -4.70277541E-07  -2.81982124E-04
  -4.64000320       4.46478160E-10   1.44916958E-08   6.37660833E-07   3.53537267E-04   9.96713670E-20  -1.44882311E-08  -6.37660833E-07  -3.53537267E-04
  -4.60000324       6.46123544E-10   2.02926529E-08   8.61621402E-07   4.41654673E-04   2.08737826E-19  -2.02874464E-08  -8.61621402E-07  -4.41654673E-04
  -4.56000328       9.32053767E-10   2.83205956E-08   1.16020624E-06   5.49751916E-04   4.34362104E-19  -2.83127957E-08  -1.16020624E-06  -5.49751916E-04
  -4.52000332       1.34022349E-09   3.93922903E-08   1.55685029E-06   6.81850594E-04   8.98099459E-19  -3.93806445E-08  -1.55685029E-06  -6.81850594E-04
  -4.48000336       1.92097915E-09   5.46092522E-08   2.08186611E-06   8.42660316E-04   1.84508054E-18  -5.45919150E-08  -2.08186566E-06  -8.42660316E-04
  -4.44000340       2.74459944E-09   7.54514957E-08   2.77430945E-06   1.03766890E-03   3.76641306E-18  -7.54257599E-08  -2.77430900E-06  -1.03766890E-03
  -4.40000343       3.90881683E-09   1.03900277E-07   3.68430324E-06   1.27323833E-03   7.63942407E-18  -1.03862206E-07  -3.68430233E-06  -1.27323833E-03
  -4.36000347       5.54909940E-09   1.42598140E-07   4.87591797E-06   1.55670568E-03   1.53962515E-17  -1.42541992E-07  -4.87591706E-06  -1.55670568E-03
  -4.32000351       7.85253196E-09   1.95056586E-07   6.43072690E-06   1.89648720E-03   3.08311291E-17  -1.94974035E-07  -6.43072553E-06  -1.89648720E-03
  -4.28000355       1.10766125E-08   2.65924285E-07   8.45216800E-06   2.30218377E-03   6.13456730E-17  -2.65803294E-07  -8.45216618E-06  -2.30218377E-03
  -4.24000359       1.55745035E-08   3.61332184E-07   1.10708816E-05   2.78468337E-03   1.21282585E-16  -3.61155514E-07  -1.10708797E-05  -2.78468337E-03
  -4.20000362       2.18289244E-08   4.89336173E-07   1.44511969E-05   3.35626025E-03   2.38250992E-16  -4.89078957E-07  -1.44511951E-05  -3.35626025E-03
  -4.16000366       3.04972367E-08   6.60481646E-07   1.87989790E-05   4.03066725E-03   4.65040729E-16  -6.60108242E-07  -1.87989790E-05  -4.03066725E-03
  -4.12000370       4.24716049E-08   8.88521356E-07   2.43711002E-05   4.82321251E-03   9.01918671E-16  -8.87980946E-07  -2.43710965E-05  -4.82321251E-03
  -4.08000374       5.89585625E-08   1.19132335E-06   3.14867502E-05   5.75081771E-03   1.73805602E-15  -1.19054391E-06  -3.14867466E-05  -5.75081771E-03
  -4.04000378       8.15841759E-08   1.59201534E-06   4.05409737E-05   6.83205016E-03   3.32798906E-15  -1.59089461E-06  -4.05409664E-05  -6.83205016E-03
  -4.00000381       1.12531744E-07   2.12041869E-06   5.20206086E-05   8.08712281E-03   6.33169622E-15  -2.11881206E-06  -5.20205940E-05  -8.08712281E-03
  -3.96000385       1.54722883E-07   2.81483790E-06   6.65231928E-05   9.53785330E-03   1.19695861E-14  -2.81254233E-06  -6.65231782E-05  -9.53785330E-03
  -3.92000389       2.12052853E-07   3.72428826E-06   8.47790507E-05   1.12075713E-02   2.24832072E-14  -3.72101886E-06  -8.47790216E-05  -1.12075713E-02
  -3.88000393       2.89696800E-07   4.91124956E-06   1.07677064E-04   1.31209660E-02   4.19621206E-14  -4.90660750E-06  -1.07677013E-04  -1.31209660E-02
  -3.84000397       3.94506486E-07   6.45505952E-06   1.36294519E-04   1.53038688E-02   7.78176826E-14  -6.44848933E-06  -1.36294460E-04  -1.53038688E-02
  -3.80000401       5.35518666E-07   8.45607701E-06   1.71931504E-04   1.77829601E-02   1.43390115E-13  -8.44680653E-06  -1.71931402E-04  -1.77829601E-02
  -3.76000404       7.24611311E-07   1.10407618E-05   2.16150103E-04   2.05853898E-02   2.62530774E-13  -1.10277233E-05  -2.16149900E-04  -2.05853898E-02
  -3.72000408       9.77340846E-07   1.43678481E-05   2.70819030E-04   2.37383023E-02   4.77597562E-13  -1.43495690E-05  -2.70818768E-04  -2.37383023E-02
  -3.68000412       1.31400623E-06   1.86357902E-05   3.38163984E-04   2.72682849E-02   8.63306117E-13  -1.86102443E-05  -3.38163634E-04  -2.72682849E-02
  -3.64000416       1.76099786E-06   2.40917234E-05   4.20823984E-04   3.12007051E-02   1.55055667E-12  -2.40561349E-05  -4.20823519E-04  -3.12007051E-02
  -3.60000420       2.35250332E-06   3.10422110E-05   5.21913869E-04   3.55589539E-02   2.76713591E-12  -3.09927818E-05  -5.21913171E-04  -3.55589539E-02
  -3.56000423       3.13265468E-06   3.98660050E-05   6.45093620E-04   4.03636247E-02   4.90676293E-12  -3.97975782E-05  -6.45092514E-04  -4.03636247E-02
  -3.52000427       4.15819113E-06   5.10292084E-05   7.94643129E-04   4.56315950E-02   8.64527634E-12  -5.09347738E-05  -7.94641557E-04  -4.56315950E-02
  -3.48000431       5.50182995E-06   6.51031005E-05   9.75543808E-04   5.13750762E-02   1.51350668E-11  -6.49731955E-05  -9.75541770E-04  -5.13750762E-02
  -3.44000435       7.25637892E-06   8.27850890E-05   1.19356508E-03   5.76006584E-02   2.63275183E-11  -8.26069445E-05  -1.19356206E-03  -5.76006584E-02
  -3.40000439       9.53987728E-06   1.04922990E-04   1.45535485E-03   6.43083155E-02   4.55046244E-11  -1.04679464E-04  -1.45535078E-03  -6.43083155E-02
  -3.36000443       1.25018996E-05   1.32543355E-04   1.76853465E-03   7.14904964E-02   7.81487514E-11  -1.32211484E-04  -1.76852895E-03  -7.14904964E-02
  -3.32000446       1.63312598E-05   1.66883925E-04   2.14179466E-03   7.91312754E-02   1.33355035E-10  -1.66433136E-04  -2.14178651E-03  -7.91312754E-02
  -3.28000450       2.12653940E-05   2.09430902E-04   2.58499058E-03   8.72057229E-02   2.26108479E-10  -2.08820478E-04  -2.58497940E-03  -8.72057229E-02
  -3.24000454       2.76018109E-05   2.61961250E-04   3.10923718E-03   9.56793278E-02   3.80929982E-10  -2.61137320E-04  -3.10922181E-03  -9.56793278E-02
  -3.20000458       3.57118006E-05   3.26590525E-04   3.72699369E-03  0.104507864       6.37666420E-10  -3.25481844E-04  -3.72697180E-03 -0.104507864    
  -3.16000462       4.60570773E-05   4.05826431E-04   4.45213774E-03  0.113637306       1.06062725E-09  -4.04339400E-04  -4.45210747E-03 -0.113637306    
  -3.12000465       5.92094511E-05   5.02628624E-04   5.30002732E-03  0.123004228       1.75287962E-09  -5.00640366E-04  -5.29998448E-03 -0.123004228    
  -3.08000469       7.58745518E-05   6.20474573E-04   6.28753938E-03  0.132536560       2.87847390E-09  -6.17824611E-04  -6.28747838E-03 -0.132536560    
  -3.04000473       9.69196117E-05   7.63431599E-04   7.43307732E-03  0.142154604       4.69670569E-09  -7.59910617E-04  -7.43299443E-03 -0.142154604    
  -3.00000477       1.23406280E-04   9.36234836E-04   8.75656120E-03  0.151772544       7.61455432E-09  -9.31571587E-04  -8.75644665E-03 -0.151772544    
  -2.96000481       1.56629379E-04   1.14437146E-03   1.02793565E-02  0.161300361       1.22663817E-08  -1.13821472E-03  -1.02792010E-02 -0.161300361    
  -2.92000484       1.98161491E-04   1.39416871E-03   1.20241689E-02  0.170645937       1.96339887E-08  -1.38606573E-03  -1.20239574E-02 -0.170645937    
  -2.88000488       2.49905454E-04   1.69288716E-03   1.40148811E-02  0.179717436       3.12263708E-08  -1.68225728E-03  -1.40145924E-02 -0.179717436    
  -2.84000492       3.14153760E-04   2.04881676E-03   1.62763149E-02  0.188425988       4.93462871E-08  -2.03491561E-03  -1.62759237E-02 -0.188425988    
  -2.80000496       3.93658091E-04   2.47137155E-03   1.88339334E-02  0.196688294       7.74833495E-08  -2.45324895E-03  -1.88334007E-02 -0.196688294    
  -2.76000500       4.91706945E-04   2.97118328E-03   2.17134617E-02  0.204429299       1.20887876E-07  -2.94763269E-03  -2.17127390E-02 -0.204429299    
  -2.72000504       6.12214732E-04   3.56019521E-03   2.49404237E-02  0.211584866       1.87403430E-07  -3.52968764E-03  -2.49394532E-02 -0.211584866    
  -2.68000507       7.59821211E-04   4.25173994E-03   2.85396166E-02  0.218103856       2.88664125E-07  -4.21234500E-03  -2.85383128E-02 -0.218103856    
  -2.64000511       9.40003549E-04   5.06061222E-03   3.25344577E-02  0.223949969       4.41803337E-07  -5.00990357E-03  -3.25327143E-02 -0.223949969    
  -2.60000515       1.15919800E-03   6.00312557E-03   3.69463041E-02  0.229103118       6.71869941E-07  -5.93805872E-03  -3.69439833E-02 -0.229103118    
  -2.56000519       1.42493867E-03   7.09714135E-03   4.17936817E-02  0.233560145       1.01522505E-06  -7.01391418E-03  -4.17905897E-02 -0.233560145    
  -2.52000523       1.74600282E-03   8.36207345E-03   4.70914282E-02  0.237334937       1.52426298E-06  -8.25595297E-03  -4.70873304E-02 -0.237334937    
  -2.48000526       2.13257340E-03   9.81885567E-03   5.28498590E-02  0.240457684       2.27393434E-06  -9.68397502E-03  -5.28444499E-02 -0.240457684    
  -2.44000530       2.59640976E-03   1.14898793E-02   5.90738542E-02  0.242973521       3.37067172E-06  -1.13189863E-02  -5.90667389E-02 -0.242973521    
  -2.40000534       3.15103121E-03   1.33988652E-02   6.57620430E-02  0.244940579       4.96449911E-06  -1.31830312E-02  -6.57526851E-02 -0.244940579    
  -2.36000538       3.81190819E-03   1.55707039E-02   7.29058757E-02  0.246427327       7.26532198E-06  -1.52989682E-02  -7.28936493E-02 -0.246427327    
  -2.32000542       4.59665991E-03   1.80312097E-02   8.04890469E-02  0.247509345       1.05646423E-05  -1.76901761E-02  -8.04730952E-02 -0.247509331    
  -2.28000546       5.52526070E-03   2.08068341E-02   8.84867907E-02  0.248265892       1.52642533E-05  -2.03801803E-02  -8.84660333E-02 -0.248265818    
  -2.24000549       6.62023528E-03   2.39242800E-02   9.68655124E-02  0.248776168       2.19137564E-05  -2.33921967E-02  -9.68386084E-02 -0.248776048    
  -2.20000553       7.90686067E-03   2.74100862E-02  0.105582595      0.249115586       3.12592238E-05  -2.67486125E-02 -0.105547823     -0.249115467    
  -2.16000557       9.41337086E-03   3.12900804E-02  0.114586428      0.249352306       4.43057761E-05  -3.04703433E-02 -0.114541620     -0.249352217    
  -2.12000561       1.11711146E-02   3.55888158E-02  0.123816714      0.249543861       6.23969026E-05  -3.45761515E-02 -0.123759195     -0.249543771    
  -2.08000565       1.32147232E-02   4.03289087E-02  0.133205295      0.249734581       8.73144600E-05  -3.90818566E-02 -0.133131668     -0.249734491    
  -2.04000568       1.55822476E-02   4.55303639E-02  0.142677039      0.249953493       1.21403216E-04  -4.39995006E-02 -0.142583042     -0.249953389    
  -2.00000572       1.83152203E-02   5.12098148E-02  0.152151257      0.250212967       1.67723643E-04  -4.93364558E-02 -0.152031645     -0.250212789    
  -1.96000576       2.14587543E-02   5.73797747E-02  0.161543295      0.250508159       2.30239064E-04  -5.50944656E-02 -0.161391586     -0.250507981    
  -1.92000580       2.50615031E-02   6.40479028E-02  0.170766622      0.250817478       3.14039469E-04  -6.12688027E-02 -0.170574844     -0.250817209    
  -1.88000584       2.91756187E-02   7.12163001E-02  0.179734990      0.251103401       4.25608334E-04  -6.78472668E-02 -0.179493308     -0.251103044    
  -1.84000587       3.38565931E-02   7.88808390E-02  0.188364893      0.251314461       5.73134399E-04  -7.48093575E-02 -0.188061252     -0.251313955    
  -1.80000591       3.91630642E-02   8.70306939E-02  0.196577966      0.251387596       7.66872778E-04  -8.21255893E-02 -0.196197659     -0.251387000    
  -1.76000595       4.51565050E-02   9.56479162E-02  0.204303533      0.251251310       1.01955491E-03  -8.97568017E-02 -0.203828633     -0.251250625    
  -1.72000599       5.19008301E-02  0.104707271      0.211480945      0.250829071       1.34684797E-03  -9.76538062E-02 -0.210889786     -0.250828117    
  -1.68000603       5.94618507E-02  0.114176333      0.218061730      0.250042498       1.76785572E-03 -0.105757125     -0.217328265     -0.250041127    
  -1.64000607       6.79067522E-02  0.124015704      0.224011481      0.248815149       2.30566366E-03 -0.113997057     -0.223104343     -0.248813272    
  -1.60000610       7.73032308E-02  0.134179652      0.229311168      0.247075915       2.98789493E-03 -0.122294024     -0.228192747     -0.247073382    
  -1.56000614       8.77187774E-02  0.144617021      0.233958066      0.244762018       3.84729216E-03 -0.130559236     -0.232583344     -0.244758666    
  -1.52000618       9.92196873E-02  0.155272514      0.237965852      0.241821796       4.92227310E-03 -0.138695627     -0.236281365     -0.241817355    
  -1.48000622      0.111869924      0.166088074      0.241364390      0.238216698       6.25743996E-03 -0.146599144     -0.239306748     -0.238210917    
  -1.44000626      0.125730067      0.177004889      0.244198650      0.233922929       7.90402573E-03 -0.154160380     -0.241693079     -0.233915418    
  -1.40000629      0.140855923      0.187965304      0.246527046      0.228932351       9.92019661E-03 -0.161266476     -0.243485510     -0.228922606    
  -1.36000633      0.157297358      0.198915333      0.248419225      0.223252639       1.23712299E-02 -0.167803079     -0.244738445     -0.223239958    
  -1.32000637      0.175096706      0.209806740      0.249953374      0.216907024       1.53294280E-02 -0.173656583     -0.245512754     -0.216890514    
  -1.28000641      0.194287464      0.220599711      0.251213133      0.209933341       1.88738108E-02 -0.178716540     -0.245872349     -0.209911853    
  -1.24000645      0.214892790      0.231265098      0.252284408      0.202382684       2.30894554E-02 -0.182877868     -0.245880648     -0.202354819    
  -1.20000648      0.236924067      0.241786674      0.253251940      0.194317564       2.80665085E-02 -0.186042935     -0.245597124     -0.194281548    
  -1.16000652      0.260379493      0.252162933      0.254195988      0.185809940       3.38987373E-02 -0.188123554     -0.245073646     -0.185763538    
  -1.12000656      0.285242766      0.262408674      0.255189359      0.176938832       4.06817161E-02 -0.189042583     -0.244351193     -0.176879317    
  -1.08000660      0.311481833      0.272555888      0.256295145      0.167788088       4.85104658E-02 -0.188735098     -0.243457258     -0.167712003    
  -1.04000664      0.339047939      0.282654405      0.257564247      0.158444047       5.74767515E-02 -0.187148988     -0.242403373     -0.158347160    
  -1.00000668      0.367874533      0.292771310      0.259034395      0.148993388       6.76658377E-02 -0.184245363     -0.241183609     -0.148870379    
 -0.960006654      0.397876829      0.302990198      0.260729253      0.139520898       7.91529864E-02 -0.179998070     -0.239773631     -0.139365166    
 -0.920006633      0.428951174      0.313409507      0.262658894      0.130107790       9.19995531E-02 -0.174392968     -0.238130689     -0.129911184    
 -0.880006611      0.460974932      0.324140102      0.264820457      0.120830134      0.106248945     -0.167426288     -0.236194491     -0.120582677    
 -0.840006590      0.493806750      0.335302293      0.267199755      0.111757576      0.121922553     -0.159103125     -0.233888417     -0.111447066    
 -0.800006568      0.527286887      0.347022116      0.269773751      0.102952510      0.139015719     -0.149435371     -0.231121629     -0.102564044    
 -0.760006547      0.561238170      0.359427512      0.272513121       9.44693834E-02  0.157494128     -0.138439357     -0.227791771      -9.39849019E-02
 -0.720006526      0.595466971      0.372643620      0.275385529       8.63544196E-02  0.177290455     -0.126133621     -0.223787963      -8.57520700E-02
 -0.680006504      0.629764795      0.386788189      0.278358877       7.86455944E-02  0.198301867     -0.112536922     -0.218994260      -7.78990537E-02
 -0.640006483      0.663910270      0.401967227      0.281404495       7.13728517E-02  0.220388412      -9.76665169E-02 -0.213292927      -7.04504699E-02
 -0.600006461      0.697670937      0.418270290      0.284500599       6.45584464E-02  0.243372351      -8.15368593E-02 -0.206567973      -6.34223372E-02
 -0.560006440      0.730805993      0.435766101      0.287635088       5.82175702E-02  0.267038733      -6.41589239E-02 -0.198708028      -5.68224974E-02
 -0.520006418      0.763069093      0.454498887      0.290808141       5.23590595E-02  0.291137248      -4.55402471E-02 -0.189609438      -5.06512374E-02
 -0.480006427      0.794210970      0.474484980      0.294034183       4.69861589E-02  0.315385520      -2.56857611E-02 -0.179178849      -4.49018851E-02
 -0.440006435      0.823982775      0.495710254      0.297343194       4.20974419E-02  0.339473814      -4.59946506E-03 -0.167335048      -3.95615138E-02
 -0.400006443      0.852139413      0.518128216      0.300781429       3.76876742E-02  0.363070786       1.77131630E-02 -0.154010549      -3.46116424E-02
 -0.360006452      0.878442645      0.541658998      0.304411083       3.37487459E-02  0.385830760       4.12421674E-02 -0.139152527      -3.00289616E-02
 -0.320006460      0.902664661      0.566189170      0.308309436       3.02705243E-02  0.407401770       6.59695864E-02 -0.122723177      -2.57859658E-02
 -0.280006468      0.924591184      0.591571748      0.312567353       2.72417553E-02  0.427434415       9.18651819E-02 -0.104699969      -2.18515992E-02
 -0.240006477      0.944024563      0.617628515      0.317287087       2.46508382E-02  0.445591182      0.118882544      -8.50754678E-02  -1.81918126E-02
 -0.200006485      0.960786939      0.644151151      0.322579622       2.24865414E-02  0.461555779      0.146954954      -6.38567805E-02  -1.47700449E-02
 -0.160006493      0.974722862      0.670904875      0.328561217       2.07386836E-02  0.475042343      0.175991654      -4.10649255E-02  -1.15476269E-02
 -0.120006494      0.985701621      0.697631478      0.335349679       1.93987079E-02  0.485803872      0.205875263      -1.67342164E-02  -8.48412048E-03
  -8.00064951E-02  0.993619382      0.724053860      0.343060434       1.84602384E-02  0.493639767      0.236458749       9.08839144E-03  -5.53758256E-03
  -4.00064960E-02  0.998400748      0.749880314      0.351802289       1.79195292E-02  0.498402029      0.267564654       3.63437869E-02  -2.66474765E-03
  -6.49690628E-06   1.00000000      0.774809599      0.361673385       1.77758485E-02  0.500000000      0.298985094       6.49609268E-02   1.78815433E-04
   3.99935022E-02  0.998401821      0.798536241      0.372756898       1.80318076E-02  0.498403072      0.330482721       9.48566198E-02   3.03863222E-03
   7.99935013E-02  0.993621469      0.820755959      0.385117173       1.86936185E-02  0.493641824      0.361793697      0.125935465       5.96128451E-03
  0.119993500      0.985704720      0.841171503      0.398795843       1.97712965E-02  0.485806912      0.392631322      0.158089250       8.99442565E-03
  0.159993500      0.974726915      0.859498024      0.413808644       2.12787800E-02  0.475046307      0.422691256      0.191196233       1.21868234E-02
  0.199993491      0.960791945      0.875468850      0.430142283       2.32340507E-02  0.461560577      0.451657772      0.225120470       1.55884195E-02
  0.239993483      0.944030464      0.888841152      0.447752297       2.56591439E-02  0.445596725      0.479210734      0.259710670       1.92504115E-02
  0.279993474      0.924597919      0.899399996      0.466561258       2.85801403E-02  0.427440643      0.505033433      0.294799387       2.32253410E-02
  0.319993466      0.902672172      0.906963527      0.486458153       3.20271179E-02  0.407408535      0.528820395      0.330202639       2.75671370E-02
  0.359993458      0.878450871      0.911386609      0.507297873       3.60340737E-02  0.385837972      0.550285578      0.365719259       3.23311538E-02
  0.399993449      0.852148235      0.912564158      0.528902411       4.06387448E-02  0.363078326      0.569169402      0.401131272       3.75741646E-02
  0.439993441      0.823992193      0.910433888      0.551061869       4.58824448E-02  0.339481562      0.585246205      0.436204255       4.33542766E-02
  0.479993433      0.794220865      0.904977620      0.573537707       5.18098250E-02  0.315393388      0.598330021      0.470688969       4.97308522E-02
  0.519993424      0.763079405      0.896221399      0.596065879       5.84684648E-02  0.291145116      0.608280241      0.504323661       5.67643009E-02
  0.559993446      0.730816662      0.884235799      0.618361115       6.59084469E-02  0.267046481      0.615004420      0.536836267       6.45159110E-02
  0.599993467      0.697681785      0.869134068      0.640122533       7.41817951E-02  0.243379951      0.618460774      0.567948461       7.30474591E-02
  0.639993489      0.663921297      0.851069927      0.661038876       8.33418965E-02  0.220395744      0.618658364      0.597379684       8.24207515E-02
  0.679993510      0.629775941      0.830234289      0.680795133       9.34427232E-02  0.198308870      0.615656734      0.624851704       9.26970318E-02
  0.719993532      0.595478058      0.806851149      0.699079335      0.104537979      0.177297071      0.609563470      0.650094509      0.103936203    
  0.759993553      0.561249197      0.781172395      0.715589821      0.116680026      0.157500342      0.600530326      0.672851503      0.116195902    
  0.799993575      0.527297854      0.753472745      0.730041862      0.129918724      0.139021501      0.588748574      0.692885697      0.129530460    
  0.839993596      0.493817508      0.724043846      0.742174685      0.144300044      0.121927872      0.574443579      0.709984899      0.143989682    
  0.879993618      0.460985452      0.693188071      0.751757860      0.159864545      0.106253795      0.557868123      0.723967671      0.159617200    
  0.919993639      0.428961426      0.661212921      0.758597016      0.176645592       9.20039490E-02  0.539295912      0.734687626      0.176449016    
  0.959993660      0.397886753      0.628425062      0.762538671      0.194667608       7.91569352E-02  0.519014478      0.742038369      0.194511741    
  0.999993682      0.367884099      0.595124483      0.763473988      0.213943928       6.76693544E-02  0.497318149      0.745956302      0.213820696    
   1.03999364      0.339057058      0.561599612      0.761341214      0.234474823       5.74798472E-02  0.474501908      0.746422648      0.234377682    
   1.07999361      0.311490566      0.528122902      0.756127656      0.256245315       4.85131852E-02  0.450855225      0.743464828      0.256169021    
   1.11999357      0.285251051      0.494947135      0.747869253      0.279223025       4.06840816E-02  0.426656663      0.737156749      0.279163390    
   1.15999353      0.260387331      0.462302327      0.736649096      0.303356230       3.39007825E-02  0.402169466      0.727616549      0.303309739    
   1.19999349      0.236931473      0.430393666      0.722595572      0.328571707       2.80682612E-02  0.377637744      0.715004504      0.328535438    
   1.23999345      0.214899734      0.399399817      0.705878079      0.354772836       2.30909474E-02  0.353283346      0.699519217      0.354744732    
   1.27999341      0.194293931      0.369472563      0.686702609      0.381838918       1.88750662E-02  0.329304516      0.681393147      0.381817251    
   1.31999338      0.175102711      0.340736866      0.665305734      0.409623861       1.53304804E-02  0.305874050      0.660886765      0.409607112    
   1.35999334      0.157302931      0.313291401      0.641949058      0.437955827       1.23721063E-02  0.283139318      0.638283193      0.437942892    
   1.39999330      0.140861064      0.287209719      0.616912603      0.466637671       9.92092025E-03  0.261222541      0.613881230      0.466627717    
   1.43999326      0.125734776      0.262541950      0.590487838      0.495447814       7.90461712E-03  0.240221590      0.587989151      0.495440245    
   1.47999322      0.111874245      0.239316851      0.562970877      0.524142265       6.25792332E-03  0.220211491      0.560917974      0.524136424    
   1.51999319       9.92236137E-02  0.217543930      0.534657001      0.552456856       4.92266240E-03  0.201246008      0.532975674      0.552452326    
   1.55999315       8.77223387E-02  0.197215766      0.505833983      0.580111027       3.84760415E-03  0.183359578      0.504461408      0.580107570    
   1.59999311       7.73064420E-02  0.178310245      0.476777196      0.606811762       2.98814289E-03  0.166569412      0.475660175      0.606809378    
   1.63999307       6.79096356E-02  0.160793126      0.447744906      0.632259130       2.30585923E-03  0.150877774      0.446838737      0.632257640    
   1.67999303       5.94644584E-02  0.144619972      0.418974936      0.656151414       1.76801090E-03  0.136274010      0.418242097      0.656150579    
   1.71999300       5.19031435E-02  0.129738569      0.390681744      0.678191423       1.34696811E-03  0.122736678      0.390091002      0.678190827    
   1.75999296       4.51585725E-02  0.116090611      0.363054633      0.698092699       1.01964828E-03  0.110235579      0.362579942      0.698092222    
   1.79999292       3.91648933E-02  0.103613496      0.336256623      0.715586543       7.66944431E-04   9.87334549E-02  0.335876405      0.715585947    
   1.83999288       3.38582061E-02   9.22418237E-02  0.310424089      0.730427682       5.73189056E-04   8.81876498E-02  0.310120463      0.730426967    
   1.87999284       2.91770436E-02   8.19087178E-02  0.285667360      0.742401361       4.25649952E-04   7.85515606E-02  0.285425723      0.742400646    
   1.91999280       2.50627585E-02   7.25468844E-02  0.262071788      0.751328349       3.14070930E-04   6.97758794E-02  0.261880040      0.751327872    
   1.95999277       2.14598496E-02   6.40895218E-02  0.239698976      0.757070720       2.30262565E-04   6.18096925E-02  0.239547297      0.757070422    
   1.99999273       1.83161721E-02   5.64710647E-02  0.218588889      0.759534836       1.67741076E-04   5.46013787E-02  0.218469292      0.759534597    
   2.03999281       1.55830644E-02   4.96277884E-02  0.198761940      0.758674264       1.21415957E-04   4.80993725E-02  0.198667884      0.758674145    
   2.07999277       1.32154357E-02   4.34982218E-02  0.180221170      0.754491925       8.73238678E-05   4.22527939E-02  0.180147529      0.754491806    
   2.11999273       1.11717274E-02   3.80235314E-02  0.162954837      0.747039855       6.24037493E-05   3.70119289E-02  0.162897319      0.747039676    
   2.15999269       9.41389613E-03   3.31477001E-02  0.146938443      0.736417770       4.43107201E-05   3.23286504E-02  0.146893620      0.736417651    
   2.19999266       7.90730957E-03   2.88177114E-02  0.132137030      0.722771287       3.12627708E-05   2.81566717E-02  0.132102251      0.722771287    
   2.23999262       6.62061386E-03   2.49836203E-02  0.118507415      0.706287980       2.19162648E-05   2.44518109E-02  0.118480504      0.706287980    
   2.27999258       5.52558480E-03   2.15985961E-02  0.105999902      0.687192678       1.52660450E-05   2.11721137E-02  0.105979145      0.687192678    
   2.31999254       4.59693605E-03   1.86189227E-02   9.45601836E-02  0.665741682       1.05659119E-05   1.82779916E-02   9.45442170E-02  0.665741682    
   2.35999250       3.81213916E-03   1.60039496E-02   8.41306895E-02  0.642216682       7.26620192E-06   1.57322772E-02   8.41184556E-02  0.642216682    
   2.39999247       3.15122516E-03   1.37160439E-02   7.46520311E-02  0.616917610       4.96510984E-06   1.35002472E-02   7.46426731E-02  0.616917610    
   2.43999243       2.59657181E-03   1.17204897E-02   6.60639256E-02  0.590156317       3.37109282E-06   1.15496181E-02   6.60568029E-02  0.590156317    
   2.47999239       2.13270960E-03   9.98537242E-03   5.83062693E-02  0.562248468       2.27422493E-06   9.85050388E-03   5.83008602E-02  0.562248468    
   2.51999235       1.74611609E-03   8.48148391E-03   5.13197184E-02  0.533508062       1.52446069E-06   8.37537088E-03   5.13156280E-02  0.533508062    
   2.55999231       1.42503239E-03   7.18218740E-03   4.50463519E-02  0.504240453       1.01535863E-06   7.09896209E-03   4.50432673E-02  0.504240453    
   2.59999228       1.15927588E-03   6.06328202E-03   3.94301116E-02  0.474737227       6.71960322E-07   5.99821471E-03   3.94277871E-02  0.474737227    
   2.63999224       9.40067228E-04   5.10287192E-03   3.44171561E-02  0.445271194       4.41863165E-07   5.05216187E-03   3.44154164E-02  0.445271194    
   2.67999220       7.59873772E-04   4.28122468E-03   2.99561154E-02  0.416092455       2.88704058E-07   4.24182881E-03   2.99548153E-02  0.416092455    
   2.71999216       6.12257631E-04   3.58062936E-03   2.59982403E-02  0.387425840       1.87429706E-07   3.55012016E-03   2.59972718E-02  0.387425840    
   2.75999212       4.91741928E-04   2.98525160E-03   2.24975236E-02  0.359468579       1.20905042E-07   2.96169939E-03   2.24968027E-02  0.359468579    
   2.79999208       3.93686438E-04   2.48099375E-03   1.94107331E-02  0.332389504       7.74945050E-08   2.46286998E-03   1.94102004E-02  0.332389504    
   2.83999205       3.14176810E-04   2.05535674E-03   1.66974515E-02  0.306328714       4.93535346E-08   2.04145396E-03   1.66970566E-02  0.306328714    
   2.87999201       2.49923818E-04   1.69730466E-03   1.43200364E-02  0.281398237       3.12309574E-08   1.68667338E-03   1.43197495E-02  0.281398237    
   2.91999197       1.98176422E-04   1.39713404E-03   1.22436034E-02  0.257683098       1.96369481E-08   1.38903037E-03   1.22433957E-02  0.257683098    
   2.95999193       1.56641341E-04   1.14635087E-03   1.04359454E-02  0.235243157       1.22682540E-08   1.14019355E-03   1.04357935E-02  0.235243157    
   2.99999189       1.23415812E-04   9.37549397E-04   8.86745006E-03  0.214115292       7.61573027E-09   9.32885683E-04   8.86733737E-03  0.214115292    
   3.03999186       9.69271932E-05   7.64300465E-04   7.51100294E-03  0.194315821       4.69744021E-09   7.60779250E-04   7.51092052E-03  0.194315821    
   3.07999182       7.58805545E-05   6.21046755E-04   6.34188298E-03  0.175843060       2.87892954E-09   6.18396502E-04   6.34182245E-03  0.175843060    
   3.11999178       5.92142533E-05   5.03004296E-04   5.33763831E-03  0.158679917       1.75316384E-09   5.01015864E-04   5.33759547E-03  0.158679917    
   3.15999174       4.60608135E-05   4.06072650E-04   4.47797077E-03  0.142796397       1.06079923E-09   4.04585502E-04   4.47794050E-03  0.142796397    
   3.19999170       3.57147328E-05   3.26751790E-04   3.74460383E-03  0.128152162       6.37771003E-10   3.25643050E-04   3.74458148E-03  0.128152162    
   3.23999166       2.76041010E-05   2.62067013E-04   3.12115159E-03  0.114698693       3.80993209E-10   2.61242967E-04   3.12113576E-03  0.114698693    
   3.27999163       2.12671985E-05   2.09500460E-04   2.59299134E-03  0.102381341       2.26146865E-10   2.08890007E-04   2.59298016E-03  0.102381341    
   3.31999159       1.63326458E-05   1.66929938E-04   2.14712811E-03   9.11412239E-02   1.33377670E-10   1.66479091E-04   2.14712042E-03   9.11412239E-02
   3.35999155       1.25029846E-05   1.32574001E-04   1.77206600E-03   8.09167922E-02   7.81623169E-11   1.32242116E-04   1.77206052E-03   8.09167922E-02
   3.39999151       9.54071402E-06   1.04943596E-04   1.45767874E-03   7.16450885E-02   4.55126110E-11   1.04700070E-04   1.45767466E-03   7.16450885E-02
   3.43999147       7.25702284E-06   8.27991025E-05   1.19508570E-03   6.32629171E-02   2.63321882E-11   8.26209580E-05   1.19508291E-03   6.32629171E-02
   3.47999144       5.50232335E-06   6.51127630E-05   9.76533978E-04   5.57076894E-02   1.51377817E-11   6.49828507E-05   9.76531941E-04   5.57076894E-02
   3.51999140       4.15856766E-06   5.10359459E-05   7.95284985E-04   4.89181317E-02   8.64684279E-12   5.09415113E-05   7.95283529E-04   4.89181317E-02
   3.55999136       3.13294163E-06   3.98707853E-05   6.45508175E-04   4.28348184E-02   4.90766152E-12   3.98023512E-05   6.45507127E-04   4.28348184E-02
   3.59999132       2.35272319E-06   3.10456635E-05   5.22181101E-04   3.74005660E-02   2.76765329E-12   3.09962270E-05   5.22180460E-04   3.74005660E-02
   3.63999128       1.76116237E-06   2.40942609E-05   4.20996279E-04   3.25607620E-02   1.55084647E-12   2.40586669E-05   4.20995813E-04   3.25607620E-02
   3.67999125       1.31413026E-06   1.86376747E-05   3.38275509E-04   2.82635316E-02   8.63469181E-13   1.86121288E-05   3.38275218E-04   2.82635316E-02
   3.71999121       9.77434070E-07   1.43692578E-05   2.70891876E-04   2.44598370E-02   4.77688635E-13   1.43509787E-05   2.70891644E-04   2.44598370E-02
   3.75999117       7.24681797E-07   1.10418159E-05   2.16198183E-04   2.11035646E-02   2.62581840E-13   1.10287774E-05   2.16198037E-04   2.11035646E-02
   3.79999113       5.35570734E-07   8.45686372E-06   1.71963649E-04   1.81515273E-02   1.43418019E-13   8.44759325E-06   1.71963533E-04   1.81515273E-02
   3.83999109       3.94545225E-07   6.45564978E-06   1.36316288E-04   1.55634712E-02   7.78329698E-14   6.44907959E-06   1.36316201E-04   1.55634712E-02
   3.87999105       2.89725818E-07   4.91169658E-06   1.07692016E-04   1.33020077E-02   4.19705232E-14   4.90705406E-06   1.07691951E-04   1.33020077E-02
   3.91999102       2.12074298E-07   3.72462910E-06   8.47894844E-05   1.13325566E-02   2.24877524E-14   3.72135946E-06   8.47894262E-05   1.13325566E-02
   3.95999098       1.54738672E-07   2.81509847E-06   6.65305852E-05   9.62325372E-03   1.19720289E-14   2.81280290E-06   6.65305561E-05   9.62325372E-03
   3.99999094       1.12543333E-07   2.12061741E-06   5.20259418E-05   8.14487040E-03   6.33300065E-15   2.11901124E-06   5.20259273E-05   8.14487040E-03
   4.03999090       8.15927379E-08   1.59216643E-06   4.05448882E-05   6.87068934E-03   3.32868744E-15   1.59104582E-06   4.05448809E-05   6.87068934E-03
   4.07999086       5.89647478E-08   1.19143715E-06   3.14896824E-05   5.77639882E-03   1.73842077E-15   1.19065771E-06   3.14896752E-05   5.77639882E-03
   4.11999083       4.24760600E-08   8.88606451E-07   2.43733120E-05   4.83996654E-03   9.02107877E-16   8.88066040E-07   2.43733066E-05   4.83996654E-03
   4.15999079       3.05004946E-08   6.60545197E-07   1.88006597E-05   4.04151995E-03   4.65140096E-16   6.60171736E-07   1.88006561E-05   4.04151995E-03
   4.19999075       2.18312568E-08   4.89383524E-07   1.44524820E-05   3.36321350E-03   2.38301894E-16   4.89126251E-07   1.44524802E-05   3.36321350E-03
   4.23999071       1.55761981E-08   3.61367483E-07   1.10718747E-05   2.78909085E-03   1.21308962E-16   3.61190814E-07   1.10718729E-05   2.78909085E-03
   4.27999067       1.10778382E-08   2.65950518E-07   8.45293835E-06   2.30495073E-03   6.13592454E-17   2.65829584E-07   8.45293653E-06   2.30495073E-03
   4.31999063       7.85340060E-09   1.95076083E-07   6.43132125E-06   1.89820980E-03   3.08379517E-17   1.94993547E-07   6.43132080E-06   1.89820980E-03
   4.35999060       5.54972379E-09   1.42612492E-07   4.87636999E-06   1.55777135E-03   1.53997174E-17   1.42556360E-07   4.87636999E-06   1.55777135E-03
   4.39999056       3.90926402E-09   1.03910793E-07   3.68463930E-06   1.27389468E-03   7.64117273E-18   1.03872722E-07   3.68463930E-06   1.27389468E-03
   4.43999052       2.74491363E-09   7.54592264E-08   2.77455592E-06   1.03807217E-03   3.76727540E-18   7.54334906E-08   2.77455615E-06   1.03807217E-03
   4.47999048       1.92120275E-09   5.46149721E-08   2.08204892E-06   8.42907932E-04   1.84551005E-18   5.45976349E-08   2.08204870E-06   8.42907932E-04
   4.51999044       1.34037947E-09   3.93965252E-08   1.55698990E-06   6.82003039E-04   8.98308529E-19   3.93848794E-08   1.55698967E-06   6.82003039E-04
   4.55999041       9.32164013E-10   2.83236901E-08   1.16031606E-06   5.49847027E-04   4.34464881E-19   2.83158919E-08   1.16031583E-06   5.49847027E-04
   4.59999037       6.46199982E-10   2.02948769E-08   8.61708259E-07   4.41715820E-04   2.08787198E-19   2.02896686E-08   8.61708145E-07   4.41715820E-04
   4.63999033       4.46531812E-10   1.44932759E-08   6.37728022E-07   3.53578595E-04   9.96953229E-20   1.44898111E-08   6.37728022E-07   3.53578595E-04
   4.67999029       3.07572773E-10   1.03154765E-08   4.70327137E-07   2.82011606E-04   4.73005042E-20   1.03131796E-08   4.70327109E-07   2.82011606E-04
   4.71999025       2.11180295E-10   7.31735295E-09   3.45662556E-07   2.24120566E-04   2.22985582E-20   7.31583283E-09   3.45662500E-07   2.24120566E-04
   4.75999022       1.44533913E-10   5.17320942E-09   2.53157452E-07   1.77470240E-04   1.04450261E-20   5.17220800E-09   2.53157395E-07   1.77470240E-04
   4.79999018       9.86043677E-11   3.64507935E-09   1.84762285E-07   1.40021293E-04   4.86141074E-21   3.64442143E-09   1.84762257E-07   1.40021293E-04
   4.83999014       6.70552155E-11   2.55972821E-09   1.34374858E-07   1.10073655E-04   2.24820117E-21   2.55929722E-09   1.34374858E-07   1.10073655E-04
   4.87999010       4.54548101E-11   1.79151005E-09   9.73873711E-08   8.62164743E-05   1.03306993E-21   1.79122839E-09   9.73873711E-08   8.62164743E-05
   4.91999006       3.07139973E-11   1.24962973E-09   7.03339822E-08   6.72840106E-05   4.71674804E-22   1.24944644E-09   7.03339822E-08   6.72840106E-05
   4.95999002       2.06872939E-11   8.68717598E-10   5.06178708E-08   5.23173185E-05   2.13982042E-22   8.68598693E-10   5.06178708E-08   5.23173185E-05
   4.99998999       1.38893211E-11   6.01880101E-10   3.63008610E-08   4.05309947E-05   9.64566230E-23   6.01803163E-10   3.63008610E-08   4.05309947E-05
   5.03998995       9.29542467E-12   4.15599610E-10   2.59419455E-08   3.12847405E-05   4.32024597E-23   4.15549983E-10   2.59419455E-08   3.12847405E-05
   5.07998991       6.20108218E-12   2.86005164E-10   1.84738873E-08   2.40589052E-05   1.92267096E-23   2.85973301E-10   1.84738873E-08   2.40589052E-05
   5.11998987       4.12359253E-12   1.96157951E-10   1.31093509E-08   1.84336641E-05   8.50200836E-24   1.96137551E-10   1.31093509E-08   1.84336641E-05
   5.15998983       2.73334242E-12   1.34081857E-10   9.26975741E-09   1.40713419E-05   3.73558061E-24   1.34068839E-10   9.26975741E-09   1.40713419E-05
   5.19998980       1.80602267E-12   9.13406711E-11   6.53156729E-09   1.07014885E-05   1.63085899E-24   9.13323792E-11   6.53156729E-09   1.07014885E-05
   5.23998976       1.18949436E-12   6.20135263E-11   4.58592186E-09   8.10840902E-06   7.07448389E-25   6.20082596E-11   4.58592186E-09   8.10840902E-06
   5.27998972       7.80929032E-13   4.19599772E-11   3.20844595E-09   6.12078748E-06   3.04925086E-25   4.19566465E-11   3.20844595E-09   6.12078748E-06
   5.31998968       5.11059728E-13   2.82950312E-11   2.23676611E-09   4.60315187E-06   1.30591017E-25   2.82929305E-11   2.23676611E-09   4.60315187E-06
   5.35998964       3.33381678E-13   1.90156536E-11   1.55382662E-09   3.44884802E-06   5.55716701E-26   1.90143318E-11   1.55382662E-09   3.44884802E-06
   5.39998960       2.16781318E-13   1.27361576E-11   1.07557019E-09   2.57428678E-06   2.34970695E-26   1.27353275E-11   1.07557019E-09   2.57428678E-06
   5.43998957       1.40511544E-13   8.50139837E-12   7.41867900E-10   1.91424488E-06   9.87174605E-27   8.50088056E-12   7.41867900E-10   1.91424488E-06
   5.47998953       9.07847677E-14   5.65541450E-12   5.09873699E-10   1.41804708E-06   4.12093695E-27   5.65509271E-12   5.09873699E-10   1.41804708E-06
   5.51998949       5.84687802E-14   3.74936193E-12   3.49173912E-10   1.04648484E-06   1.70929903E-27   3.74916201E-12   3.49173912E-10   1.04648484E-06
   5.55998945       3.75357467E-14   2.47723521E-12   2.38263742E-10   7.69345320E-07   7.04466125E-28   2.47711140E-12   2.38263742E-10   7.69345320E-07
   5.59998941       2.40201739E-14   1.63115420E-12   1.61996749E-10   5.63445440E-07   2.88484372E-28   1.63107787E-12   1.61996749E-10   5.63445440E-07
   5.63998938       1.53220925E-14   1.07039247E-12   1.09745435E-10   4.11072847E-07   1.17383251E-28   1.07034542E-12   1.09745435E-10   4.11072847E-07
   5.67998934       9.74249164E-15   7.00022288E-13   7.40803252E-11   2.98755026E-07   4.74580705E-29   6.99993503E-13   7.40803252E-11   2.98755026E-07
   5.71998930       6.17494176E-15   4.56245230E-13   4.98266567E-11   2.16289436E-07   1.90649520E-29   4.56227666E-13   4.98266567E-11   2.16289436E-07
   5.75998926       3.90126731E-15   2.96344492E-13   3.33937634E-11   1.55982349E-07   7.60994279E-30   2.96333758E-13   3.33937634E-11   1.55982349E-07
   5.79998922       2.45690610E-15   1.91824204E-13   2.23000854E-11   1.12055574E-07   3.01819384E-30   1.91817672E-13   2.23000854E-11   1.12055574E-07
   5.83998919       1.54234472E-15   1.23742176E-13   1.48377630E-11   8.01872204E-08   1.18941371E-30   1.23738232E-13   1.48377630E-11   8.01872204E-08
   5.87998915       9.65126810E-16   7.95503935E-14   9.83631752E-12   5.71587222E-08   4.65734905E-31   7.95480083E-14   9.83631752E-12   5.71587222E-08
   5.91998911       6.02001192E-16   5.09658437E-14   6.49666518E-12   4.05838847E-08   1.81202713E-31   5.09644105E-14   6.49666518E-12   4.05838847E-08
   5.95998907       3.74301848E-16   3.25408205E-14   4.27514361E-12   2.87016455E-08   7.00509351E-32   3.25399599E-14   4.27514361E-12   2.87016455E-08
   5.99998903       2.31982366E-16   2.07055747E-14   2.80307570E-12   2.02179038E-08   2.69079091E-32   2.07050597E-14   2.80307570E-12   2.02179038E-08
   6.03998899       1.43317644E-16   1.31295502E-14   1.83130854E-12   1.41854803E-08   1.02699738E-32   1.31292436E-14   1.83130854E-12   1.41854803E-08
   6.07998896       8.82580604E-17   8.29678089E-15   1.19214252E-12   9.91374982E-09   3.89474266E-33   8.29659878E-15   1.19214252E-12   9.91374982E-09
   6.11998892       5.41775210E-17   5.22472876E-15   7.73224366E-13   6.90113922E-09   1.46760185E-33   5.22462119E-15   7.73224366E-13   6.90113922E-09
   6.15998888       3.31509174E-17   3.27881541E-15   4.99633592E-13   4.78499107E-09   5.49491676E-34   3.27875210E-15   4.99633592E-13   4.78499107E-09
   6.19998884       2.02199635E-17   2.05058884E-15   3.21618681E-13   3.30439365E-09   2.04423450E-34   2.05055136E-15   3.21618681E-13   3.30439365E-09
   6.23998880       1.22934896E-17   1.27806176E-15   2.06248132E-13   2.27258812E-09   7.55649439E-35   1.27803973E-15   2.06248132E-13   2.27258812E-09
   6.27998877       7.45043563E-18   7.93829326E-16   1.31780464E-13   1.55650526E-09   2.77544978E-35   7.93816514E-16   1.31780464E-13   1.55650526E-09
   6.31998873       4.50088824E-18   4.91346872E-16   8.39030790E-14   1.06167419E-09   1.01289968E-35   4.91339355E-16   8.39030790E-14   1.06167419E-09
   6.35998869       2.71034620E-18   3.03058965E-16   5.32321921E-14   7.21228466E-10   3.67298865E-36   3.03054598E-16   5.32321921E-14   7.21228466E-10
   6.39998865       1.62690193E-18   1.86273927E-16   3.36487769E-14   4.87999197E-10   1.32340492E-36   1.86271426E-16   3.36487769E-14   4.87999197E-10
   6.43998861       9.73437312E-19   1.14097800E-16   2.11860660E-14   3.28867711E-10   4.73790087E-37   1.14096317E-16   2.11860660E-14   3.28867711E-10
   6.47998857       5.80583441E-19   6.96474164E-17   1.32845768E-14   2.20717833E-10   1.68538561E-37   6.96465694E-17   1.32845768E-14   2.20717833E-10
   6.51998854       3.45169933E-19   4.23663679E-17   8.29683680E-15   1.47511142E-10   5.95711427E-38   4.23658881E-17   8.29683680E-15   1.47511142E-10
   6.55998850       2.04555575E-19   2.56809173E-17   5.16312914E-15   9.81701109E-11   2.09214912E-38   2.56806427E-17   5.16312914E-15   9.81701109E-11
   6.59998846       1.20836470E-19   1.55122835E-17   3.20272517E-15   6.50636905E-11   7.30072576E-39   1.55121280E-17   3.20272517E-15   6.50636905E-11
   6.63998842       7.11535270E-20   9.33763993E-18   1.98034884E-15   4.29469169E-11   2.53141204E-39   9.33755224E-18   1.98034884E-15   4.29469169E-11
   6.67998838       4.17642683E-20   5.60155048E-18   1.21998155E-15   2.82297050E-11   8.72126125E-40   5.60150002E-18   1.21998155E-15   2.82297050E-11
   6.71998835       2.44356197E-20   3.34867052E-18   7.48200772E-16   1.84717623E-11   2.98549440E-40   3.34864219E-18   7.48200772E-16   1.84717623E-11
   6.75998831       1.42512670E-20   1.99475577E-18   4.56631862E-16   1.20274901E-11   1.01549297E-40   1.99473984E-18   4.56631862E-16   1.20274901E-11
   6.79998827       8.28499012E-21   1.18395230E-18   2.77466977E-16   7.79290868E-12   3.43206020E-41   1.18394320E-18   2.77466977E-16   7.79290868E-12
   6.83998823       4.80111622E-21   7.00206941E-19   1.68065300E-16   5.02743853E-12   1.15256799E-41   7.00201874E-19   1.68065300E-16   5.02743853E-12
   6.87998819       2.77333566E-21   4.12688111E-19   1.01578706E-16   3.23282547E-12   3.84516299E-42   4.12685267E-19   1.01578706E-16   3.23282547E-12
   6.91998816       1.59688146E-21   2.42413499E-19   6.12468745E-17   2.07389488E-12   1.27518160E-42   2.42411922E-19   6.12468745E-17   2.07389488E-12
   6.95998812       9.16543281E-22   1.41906841E-19   3.67795966E-17   1.32709067E-12   4.20389539E-43   1.41905975E-19   3.67795966E-17   1.32709067E-12
   6.99998808       5.24376569E-22   8.27731657E-20   2.19541676E-17   8.45774297E-13   1.37327250E-43   8.27726939E-20   2.19541676E-17   8.45774297E-13
   7.03998804       2.99049874E-22   4.81028435E-20   1.30181346E-17   5.35501006E-13   4.48415509E-44   4.81025786E-20   1.30181346E-17   5.35501006E-13
   7.07998800       1.70002630E-22   2.78533296E-20   7.68133896E-18   3.36060796E-13   1.40129846E-44   2.78531842E-20   7.68133896E-18   3.36060796E-13
   7.11998796       9.63332073E-23   1.60722906E-20   4.52445048E-18   2.08893585E-13   5.60519386E-45   1.60722130E-20   4.52445048E-18   2.08893585E-13
   7.15998793       5.44136815E-23   9.24264071E-21   2.66637121E-18   1.28872228E-13   1.40129846E-45   9.24259789E-21   2.66637121E-18   1.28872228E-13
   7.19998789       3.06372781E-23   5.29640717E-21   1.57057486E-18   7.93065564E-14   0.00000000       5.29638415E-21   1.57057486E-18   7.93065564E-14
   7.23998785       1.71950063E-23   3.02399541E-21   9.20603735E-19   4.90178475E-14   0.00000000       3.02398289E-21   9.20603735E-19   4.90178475E-14
   7.27998781       9.61976510E-24   1.72037068E-21   5.34415131E-19   3.05905339E-14   0.00000000       1.72036361E-21   5.34415131E-19   3.05905339E-14
   7.31998777       5.36459139E-24   9.75386296E-22   3.06949561E-19   1.92502705E-14   0.00000000       9.75382661E-22   3.06949561E-19   1.92502705E-14
   7.35998774       2.98208848E-24   5.51109184E-22   1.75334140E-19   1.20763723E-14   0.00000000       5.51107266E-22   1.75334140E-19   1.20763723E-14
   7.39998770       1.65239075E-24   3.10227061E-22   1.00427992E-19   7.40266816E-15   0.00000000       3.10225975E-22   1.00427992E-19   7.40266816E-15
   7.43998766       9.12676076E-25   1.73946076E-22   5.78846517E-20   4.34066269E-15   0.00000000       1.73945470E-22   5.78846517E-20   4.34066269E-15
   7.47998762       5.02493698E-25   9.71778816E-23   3.33468914E-20   2.41158369E-15   0.00000000       9.71775409E-23   3.33468914E-20   2.41158369E-15
   7.51998758       2.75774827E-25   5.41231409E-23   1.89666117E-20   1.30068177E-15   0.00000000       5.41229389E-23   1.89666117E-20   1.30068177E-15
   7.55998755       1.50865038E-25   3.00525586E-23   1.05974293E-20   7.38993260E-16   0.00000000       3.00524450E-23   1.05974293E-20   7.38993260E-16
   7.59998751       8.22683193E-26   1.66228297E-23   5.88335159E-21   4.85904791E-16   0.00000000       1.66227666E-23   5.88335159E-21   4.85904791E-16
   7.63998747       4.47186142E-26   9.15165425E-24   3.31085422E-21   3.58934817E-16   0.00000000       9.15161638E-24   3.31085422E-21   3.58934817E-16
   7.67998743       2.42299444E-26   5.01732299E-24   1.89520791E-21   2.57769437E-16   0.00000000       5.01730051E-24   1.89520791E-21   2.57769437E-16
   7.71998739       1.30866416E-26   2.74361859E-24   1.07424145E-21   1.56363354E-16   0.00000000       2.74360498E-24   1.07424145E-21   1.56363354E-16
   7.75998735       7.04553476E-27   1.49757867E-24   5.82350853E-22   6.91983368E-17   0.00000000       1.49757078E-24   5.82350853E-22   6.91983368E-17
   7.79998732       3.78102727E-27   8.14679534E-25   3.01354585E-22   1.48370195E-17   0.00000000       8.14674998E-25   3.01354585E-22   1.48370195E-17
   7.83998728       2.02262626E-27   4.40601101E-25   1.57946185E-22  -4.03676340E-18   0.00000000       4.40598438E-25   1.57946185E-22  -4.03676340E-18
   7.87998724       1.07852828E-27   2.36870894E-25   9.09141367E-23  -3.23367494E-19   0.00000000       2.36869341E-25   9.09141367E-23  -3.23367494E-19
   7.91998720       5.73269804E-28   1.26973018E-25   5.63961710E-23   8.86619661E-18   0.00000000       1.26972118E-25   5.63961710E-23   8.86619661E-18
   7.95998716       3.03735113E-28   6.38228778E-26   2.82066620E-23   7.57396099E-18   0.00000000       6.38224218E-26   2.82066620E-23   7.57396099E-18
   8.00000000       1.60381094E-28   0.00000000       0.00000000       0.00000000       0.00000000       0.00000000       0.00000000       0.00000000    
