  -8.00000000       1.60381094E-28   0.00000000       0.00000000       0.00000000       0.00000000       0.00000000       0.00000000       0.00000000    
  -7.97499990       2.39111208E-28   1.05337841E-32   4.66387105E-37   2.07392173E-43   0.00000000       0.00000000       0.00000000       0.00000000    
  -7.94999981       3.56045032E-28   1.21605408E-31   1.00714173E-35   4.14784345E-43   0.00000000       0.00000000       0.00000000       0.00000000    
  -7.92499971       5.29498712E-28   7.13307228E-31   1.09235992E-34   1.11263098E-42   0.00000000       0.00000000       0.00000000       0.00000000    
  -7.89999962       7.86474726E-28   2.84399329E-30   7.93895456E-34   1.13799448E-41   0.00000000       0.00000000       0.00000000       0.00000000    
  -7.87499952       1.16670101E-27   8.70575856E-30   4.35241551E-33   1.17154157E-40   0.00000000       0.00000000       0.00000000       0.00000000    
  -7.84999943       1.72859261E-27   2.19299564E-29   1.92148481E-32   9.80827650E-40   0.00000000       0.00000000       0.00000000       0.00000000    
  -7.82499933       2.55789285E-27   4.76222832E-29   7.12218568E-32   6.85971752E-39   0.00000000       0.00000000       0.00000000       0.00000000    
  -7.79999924       3.78032045E-27   9.22846407E-29   2.28223686E-31   4.11943129E-38   0.00000000       0.00000000       0.00000000       0.00000000    
  -7.77499914       5.57998681E-27   1.64025989E-28   6.46219180E-31   2.16855466E-37   0.00000000       0.00000000       0.00000000       0.00000000    
  -7.74999905       8.22610593E-27   2.73481956E-28   1.64492473E-30   1.01673481E-36   0.00000000       0.00000000       0.00000000       0.00000000    
  -7.72499895       1.21118938E-26   4.35698172E-28   3.81761369E-30   4.29951731E-36   0.00000000       0.00000000       0.00000000       0.00000000    
  -7.69999886       1.78109893E-26   6.73048430E-28   8.17578928E-30   1.65673474E-35   0.00000000       0.00000000       0.00000000       0.00000000    
  -7.67499876       2.61589697E-26   1.01928976E-27   1.63277542E-29   5.86682458E-35   0.00000000       0.00000000       0.00000000       0.00000000    
  -7.64999866       3.83715965E-26   1.52506409E-27   3.06963020E-29   1.92309051E-34   0.00000000       0.00000000       0.00000000       0.00000000    
  -7.62499857       5.62156641E-26   2.26553302E-27   5.47977083E-29   5.87129811E-34   0.00000000       0.00000000       0.00000000       0.00000000    
  -7.59999847       8.22548286E-26   3.35131378E-27   9.36328518E-29   1.67863422E-33   0.00000000       0.00000000       0.00000000       0.00000000    
  -7.57499838       1.20204874E-25   4.94437331E-27   1.54276510E-28   4.51588342E-33   0.00000000       0.00000000       0.00000000       0.00000000    
  -7.54999828       1.75444329E-25   7.28115611E-27   2.46791624E-28   1.14803201E-32   0.00000000       0.00000000       0.00000000       0.00000000    
  -7.52499819       2.55749544E-25   1.07063262E-26   3.85640556E-28   2.76870444E-32   0.00000000       0.00000000       0.00000000       0.00000000    
  -7.49999809       3.72346267E-25   1.57216959E-26   5.91817472E-28   6.35701467E-32   0.00000000       0.00000000       0.00000000       0.00000000    
  -7.47499800       5.41423835E-25   2.30571224E-26   8.96016758E-28   1.39417051E-31   0.00000000       0.00000000       0.00000000       0.00000000    
  -7.44999790       7.86292916E-25   3.37727192E-26   1.34326237E-27   2.92956726E-31   0.00000000       0.00000000       0.00000000       0.00000000    
  -7.42499781       1.14048076E-24   4.94068392E-26   1.99962642E-27   5.91539038E-31   0.00000000       0.00000000       0.00000000       0.00000000    
  -7.39999771       1.65214502E-24   7.21886676E-26   2.96195738E-27   1.15097918E-30   0.00000000       0.00000000       0.00000000       0.00000000    
  -7.37499762       2.39037811E-24   1.05344535E-25   4.37193108E-27   2.16382894E-30   0.00000000       0.00000000       0.00000000       0.00000000    
  -7.34999752       3.45415369E-24   1.53538488E-25   6.43640741E-27   3.94079798E-30   0.00000000       0.00000000       0.00000000       0.00000000    
  -7.32499743       4.98511262E-24   2.23503572E-25   9.45683526E-27   6.97045129E-30   0.00000000       0.00000000       0.00000000       0.00000000    
  -7.29999733       7.18560303E-24   3.24947288E-25   1.38718093E-26   1.20044462E-29   0.00000000       0.00000000       0.00000000       0.00000000    
  -7.27499723       1.03445453E-23   4.71849755E-25   2.03185270E-26   2.01790499E-29   0.00000000       0.00000000       0.00000000       0.00000000    
  -7.24999714       1.48735464E-23   6.84315092E-25   2.97214316E-26   3.31887142E-29   0.00000000       0.00000000       0.00000000       0.00000000    
  -7.22499704       2.13587530E-23   9.91221477E-25   4.34202046E-26   5.35356404E-29   0.00000000       0.00000000       0.00000000       0.00000000    
  -7.19999695       3.06333054E-23   1.43399096E-24   6.33532036E-26   8.48906225E-29   0.00000000       0.00000000       0.00000000       0.00000000    
  -7.17499685       4.38801859E-23   2.07197275E-24   9.23224132E-26   1.32618356E-28   0.00000000       0.00000000       0.00000000       0.00000000    
  -7.14999676       6.27771028E-23   2.99008496E-24   1.34372323E-25   2.04545099E-28   2.80259693E-45   2.80259693E-45   2.80259693E-45   2.80259693E-45
  -7.12499666       8.96993036E-23   4.30967808E-24   1.95333694E-25   3.12077881E-28   4.20389539E-45   4.20389539E-45   4.20389539E-45   4.20389539E-45
  -7.09999657       1.28007904E-22   6.20394019E-24   2.83603113E-25   4.71846385E-28   8.40779079E-45   8.40779079E-45   8.40779079E-45   8.40779079E-45
  -7.07499647       1.82448129E-22   8.91975754E-24   4.11254489E-25   7.08096552E-28   1.68155816E-44   1.68155816E-44   1.68155816E-44   1.68155816E-44
  -7.04999638       2.59716966E-22   1.28085420E-23   5.95631251E-25   1.05617651E-27   3.36311631E-44   3.36311631E-44   3.36311631E-44   3.36311631E-44
  -7.02499628       3.69247715E-22   1.83699609E-23   8.61609263E-25   1.56760837E-27   6.72623263E-44   6.72623263E-44   6.72623263E-44   6.72623263E-44
  -6.99999619       5.24316590E-22   2.63134589E-23   1.24482744E-24   2.31745089E-27   1.37327250E-43   1.37327250E-43   1.37327250E-43   1.37327250E-43
  -6.97499609       7.43577008E-22   3.76452218E-23   1.79628243E-24   3.41495151E-27   2.77457096E-43   2.77457096E-43   2.77457096E-43   2.77457096E-43
  -6.94999599       1.05320984E-21   5.37902920E-23   2.58884467E-24   5.01898191E-27   5.54914192E-43   4.84849269E-43   4.84849269E-43   4.84849269E-43
  -6.92499590       1.48991717E-21   7.67642882E-23   3.72652448E-24   7.36029103E-27   1.10982838E-42   6.92241441E-43   6.92241441E-43   6.92241441E-43
  -6.89999580       2.10505914E-21   1.09414957E-22   5.35757960E-24   1.07736275E-26   2.21545287E-42   8.99633614E-43   8.99633614E-43   8.99633614E-43
  -6.87499571       2.97046697E-21   1.55759967E-22   7.69306384E-24   1.57439981E-26   4.41128757E-42   1.10702579E-42   1.10702579E-42   1.10702579E-42
  -6.84999561       4.18642611E-21   2.21460847E-22   1.10330654E-23   2.29732273E-26   8.76372060E-42   1.31441796E-42   1.31441796E-42   1.31441796E-42
  -6.82499552       5.89275916E-21   3.14485042E-22   1.58037270E-23   3.34755652E-26   1.73620880E-41   1.52181013E-42   1.52181013E-42   1.52181013E-42
  -6.79999542       8.28420010E-21   4.46031195E-22   2.26094288E-23   4.87148849E-26   3.43149968E-41   1.72920230E-42   1.72920230E-42   1.72920230E-42
  -6.77499533       1.16315900E-20   6.31817556E-22   3.23062143E-23   7.08016344E-26   6.76462821E-41   1.93659448E-42   1.93659448E-42   1.93659448E-42
  -6.74999523       1.63111971E-20   8.93882551E-22   4.61050703E-23   1.02773914E-25   1.33028066E-40   2.14398665E-42   2.14398665E-42   2.14398665E-42
  -6.72499514       2.28448964E-20   1.26308016E-21   6.57170233E-23   1.49000824E-25   2.60944195E-40   2.72412421E-42   2.35137882E-42   2.35137882E-42
  -6.69999504       3.19557577E-20   1.78255544E-21   9.35564800E-23   2.15756810E-25   5.10585516E-40   4.26274993E-42   2.55877100E-42   2.55877100E-42
  -6.67499495       4.46444369E-20   2.51256677E-21   1.33025905E-22   3.12041475E-25   9.96562830E-40   7.66230000E-42   2.76616317E-42   2.76616317E-42
  -6.64999485       6.22934210E-20   3.53715516E-21   1.88914125E-22   4.50747627E-25   1.94023505E-39   1.45763066E-41   2.97355534E-42   2.97355534E-42
  -6.62499475       8.68107635E-20   4.97338506E-21   2.67953558E-22   6.50323322E-25   3.76805514E-39   2.83566757E-41   3.18094751E-42   3.18094751E-42
  -6.59999466       1.20826789E-19   6.98412179E-21   3.79595677E-22   9.37129876E-25   7.29955708E-39   5.54689984E-41   3.38833969E-42   3.38833969E-42
  -6.57499456       1.67961414E-19   9.79566345E-21   5.37093259E-22   1.34879438E-24   1.41055180E-38   1.08516553E-40   3.59573186E-42   3.59573186E-42
  -6.54999447       2.33191340E-19   1.37220152E-20   7.59004956E-22   1.93895246E-24   2.71890970E-38   2.12002445E-40   3.89420843E-42   3.80312403E-42
  -6.52499437       3.23350511E-19   1.91983483E-20   1.07128714E-21   2.78396271E-24   5.22777710E-38   4.12989282E-40   4.99703032E-42   4.01051620E-42
  -6.49999428       4.47805702E-19   2.68269875E-20   1.51019804E-21   3.99241439E-24   1.00264968E-37   8.02446559E-40   7.54459093E-42   4.21790838E-42
  -6.47499418       6.19392015E-19   3.74404887E-20   2.12632068E-21   5.71850082E-24   1.91823254E-37   1.55519467E-39   1.29844316E-41   4.42530055E-42
  -6.44999409       8.55650773E-19   5.21883047E-20   2.99012867E-21   8.18097905E-24   3.66069135E-37   3.00660637E-39   2.39818219E-41   4.63269272E-42
  -6.42499399       1.18055372E-18   7.26551506E-20   4.19969735E-21   1.16896943E-23   6.96853529E-37   5.79821151E-39   4.57832234E-41   4.84008490E-42
  -6.39999390       1.62679026E-18   1.01023284E-19   5.89131442E-21   1.66830702E-23   1.32322323E-36   1.11542279E-38   8.84359461E-41   5.04747707E-42
  -6.37499380       2.23890474E-18   1.40293800E-19   8.25416795E-21   2.37807169E-23   2.50634710E-36   2.14049125E-38   1.71486702E-40   5.25486924E-42
  -6.34999371       3.07748742E-18   1.94588604E-19   1.15505077E-20   3.38570202E-23   4.73546400E-36   4.09746649E-38   3.32263280E-40   5.46226141E-42
  -6.32499361       4.22487171E-18   2.69561928E-19   1.61434152E-20   4.81446765E-23   8.92477082E-36   7.82430692E-38   6.42456110E-40   5.66965359E-42
  -6.29999352       5.79278471E-18   3.72959556E-19   2.25349267E-20   6.83790754E-23   1.67781787E-35   1.49040535E-37   1.23947652E-39   5.87704576E-42
  -6.27499342       7.93267283E-18   5.15379895E-19   3.14183553E-20   9.70005331E-23   3.14636474E-35   2.83198787E-37   2.38558172E-39   6.08443793E-42
  -6.24999332       1.08494630E-17   7.11302948E-19   4.37499477E-20   1.37435928E-22   5.88554237E-35   5.36793183E-37   4.58033180E-39   6.29183010E-42
  -6.22499323       1.48201831E-17   9.80490784E-19   6.08468630E-20   1.94492154E-22   1.09818918E-34   1.01496375E-36   8.77290471E-39   6.49922228E-42
  -6.19999313       2.02188832E-17   1.34987997E-18   8.45211728E-20   2.74903712E-22   2.04401616E-34   1.91435558E-36   1.67622089E-38   6.70661445E-42
  -6.17499304       2.75497301E-17   1.85613022E-18   1.17262571E-19   3.88091394E-22   3.79493818E-34   3.60182870E-36   3.19492827E-38   7.18305593E-42
  -6.14999294       3.74916138E-17   2.54908300E-18   1.62487534E-19   5.47221779E-22   7.02810532E-34   6.76007616E-36   6.07481269E-38   8.60957776E-42
  -6.12499285       5.09576245E-17   3.49639898E-18   2.24878381E-19   7.70668687E-22   1.29833976E-33   1.26563634E-35   1.15224883E-37   1.19110369E-41
  -6.09999275       6.91736736E-17   4.78983731E-18   3.10843850E-19   1.08404766E-21   2.39249853E-33   2.36371653E-35   2.18022983E-37   1.87661890E-41
  -6.07499266       9.37840703E-17   6.55363453E-18   4.29144507E-19   1.52301692E-21   4.39772604E-33   4.40362224E-35   4.11528400E-37   3.24975127E-41
  -6.04999256       1.26991772E-16   8.95582824E-18   5.91741591E-19   2.13715803E-21   8.06345558E-33   8.18375953E-35   7.74890339E-37   5.94430809E-41
  -6.02499247       1.71742865E-16   1.22233687E-17   8.14941855E-19   2.99532520E-21   1.47478050E-32   1.51713755E-34   1.45553432E-36   1.11710112E-40
  -5.99999237       2.31973525E-16   1.66624219E-17   1.12095588E-18   4.19302699E-21   2.69058579E-32   2.80559874E-34   2.72739065E-36   2.12448058E-40
  -5.97499228       3.12936614E-16   2.26854647E-17   1.53998634E-18   5.86255171E-21   4.89646618E-32   5.17552668E-34   5.09817080E-36   4.05460105E-40
  -5.94999218       4.21627855E-16   3.08474245E-17   2.11306162E-18   8.18693287E-21   8.88850230E-32   9.52385523E-34   9.50657380E-36   7.73995996E-40
  -5.92499208       5.67364479E-16   4.18940676E-17   2.89583918E-18   1.14191040E-20   1.60951214E-31   1.74823708E-33   1.76838231E-35   1.47572983E-39
  -5.89999199       7.62517641E-16   5.68262030E-17   3.96372335E-18   1.59081081E-20   2.90716586E-31   3.20122523E-33   3.28148977E-35   2.80841792E-39
  -5.87499189       1.02351904E-15   7.69849717E-17   5.41875018E-18   2.21350559E-20   5.23795628E-31   5.84737506E-33   6.07447841E-35   5.33311915E-39
  -5.84999180       1.37214043E-15   1.04165875E-16   7.39880302E-18   3.07622718E-20   9.41384777E-31   1.06545427E-32   1.12173454E-34   1.01042784E-38
  -5.82499170       1.83721277E-15   1.40769041E-16   1.00899888E-17   4.27005172E-20   1.68767548E-30   1.93658845E-32   2.06639302E-34   1.90991824E-38
  -5.79999161       2.45683113E-15   1.89999099E-16   1.37431683E-17   5.92002178E-20   3.01800971E-30   3.51130742E-32   3.79734221E-34   3.60163105E-38
  -5.77499151       3.28132623E-15   2.56128046E-16   1.86960305E-17   8.19764938E-20   5.38355085E-30   6.35081277E-32   6.96128581E-34   6.77571416E-38
  -5.74999142       4.37705250E-15   3.44846462E-16   2.54026703E-17   1.13378842E-19   9.57929493E-30   1.14582640E-31   1.27303935E-33   1.27168957E-37
  -5.72499132       5.83137164E-15   4.63720257E-16   3.44727520E-17   1.56621143E-19   1.70024481E-29   2.06223204E-31   2.32240527E-33   2.38109173E-37
  -5.69999123       7.75918856E-15   6.22800350E-16   4.67239851E-17   2.16095119E-19   3.01025017E-29   3.70241553E-31   4.22646165E-33   4.44775810E-37
  -5.67499113       1.03114191E-14   8.35416949E-16   6.32514574E-17   2.97793654E-19   5.31626841E-29   6.63073700E-31   7.67288803E-33   8.28849432E-37
  -5.64999104       1.36860475E-14   1.11923207E-15   8.55201654E-17   4.09885442E-19   9.36539468E-29   1.18458948E-30   1.38958141E-32   1.54091891E-36
  -5.62499094       1.81424140E-14   1.49761164E-15   1.15487066E-16   5.63489185E-19   1.64573579E-28   2.11107313E-30   2.51046038E-32   2.85794288E-36
  -5.59999084       2.40198063E-14   2.00142938E-15   1.55763244E-16   7.73721067E-19   2.88475561E-28   3.75291373E-30   4.52444661E-32   5.28806221E-36
  -5.57499075       3.17614689E-14   2.67142672E-15   2.09827968E-16   1.06110977E-18   5.04395419E-28   6.65521944E-30   8.13432452E-32   9.76134555E-36
  -5.54999065       4.19458542E-14   3.56129920E-15   2.82312005E-16   1.45348931E-18   8.79727339E-28   1.17729607E-29   1.45888382E-31   1.79760063E-35
  -5.52499056       5.53267251E-14   4.74171543E-15   3.79368984E-16   1.98856370E-18   1.53052324E-27   2.07748829E-29   2.61014242E-31   3.30252957E-35
  -5.49999046       7.28848880E-14   6.30558177E-15   5.09169028E-16   2.71733463E-18   2.65610333E-27   3.65696992E-29   4.65855652E-31   6.05300038E-35
  -5.47499037       9.58953240E-14   8.37484514E-15   6.82540896E-16   3.70871184E-18   4.59795668E-27   6.42144405E-29   8.29435021E-31   1.10678923E-34
  -5.44999027       1.26012604E-13   1.11093995E-14   9.13824036E-16   5.05566917E-18   7.93958765E-27   1.12479653E-28   1.47318557E-30   2.01897032E-34
  -5.42499018       1.65381895E-13   1.47186137E-14   1.22197907E-15   6.88353153E-18   1.36755848E-26   1.96537058E-28   2.61021436E-30   3.67421675E-34
  -5.39999008       2.16780072E-13   1.94762317E-14   1.63204455E-15   9.36094491E-18   2.34967998E-26   3.42566315E-28   4.61358662E-30   6.67068983E-34
  -5.37498999       2.83796722E-13   2.57398015E-14   2.17704366E-15   1.27146312E-17   4.02702892E-26   5.95627587E-28   8.13477976E-30   1.20822498E-33
  -5.34998989       3.71067407E-13   3.39756638E-14   2.90047544E-15   1.72490484E-17   6.88455121E-26   1.03307999E-27   1.43086093E-29   2.18321315E-33
  -5.32498980       4.84569036E-13   4.47912276E-14   3.85956238E-15   2.33723621E-17   1.17403592E-25   1.78740551E-27   2.51068832E-29   3.93564215E-33
  -5.29998970       6.31997221E-13   5.89766408E-14   5.12948880E-15   3.16312807E-17   1.99710233E-25   3.08491106E-27   4.39473530E-29   7.07791891E-33
  -5.27498960       8.23250593E-13   7.75584634E-14   6.80890272E-15   4.27569923E-17   3.38870782E-25   5.31118053E-27   7.67391120E-29   1.26989272E-32
  -5.24998951       1.07104169E-12   1.01868661E-13   9.02708423E-15   5.77264137E-17   5.73565184E-25   9.12157091E-27   1.33673477E-28   2.27300464E-32
  -5.22498941       1.39167334E-12   1.33633190E-13   1.19532248E-14   7.78427580E-17   9.68377445E-25   1.56270942E-26   2.32283377E-28   4.05887267E-32
  -5.19998932       1.80603297E-12   1.75085830E-13   1.58084842E-14   1.04842668E-16   1.63087762E-24   2.67064669E-26   4.02657423E-28   7.23073141E-32
  -5.17498922       2.34083412E-12   2.29113061E-13   2.08815136E-14   1.41037471E-16   2.73975238E-24   4.55285771E-26   6.96303408E-28   1.28508381E-31
  -5.14998913       3.03021215E-12   2.99440404E-13   2.75487200E-14   1.89499429E-16   4.59109316E-24   7.74251571E-26   1.20117342E-27   2.27851712E-31
  -5.12498903       3.91771511E-12   3.90870713E-13   3.63001120E-14   2.54306793E-16   7.67424636E-24   1.31343997E-25   2.06708405E-27   4.03037704E-31
  -5.09998894       5.05882098E-12   5.09587056E-13   4.77728717E-14   3.40866599E-16   1.27958343E-23   2.22263532E-25   3.54857831E-27   7.11232528E-31
  -5.07498884       6.52413843E-12   6.63537476E-13   6.27946114E-14   4.56338894E-16   2.12821908E-23   3.75194696E-25   6.07709707E-27   1.25213094E-30
  -5.04998875       8.40338823E-12   8.62930495E-13   8.24385861E-14   6.10193006E-16   3.53084706E-23   6.31792733E-25   1.03820582E-26   2.19917803E-30
  -5.02498865       1.08104142E-11   1.12085124E-12   1.08095011E-13   8.14935904E-16   5.84325302E-23   1.06126306E-24   1.76936001E-26   3.85339386E-30
  -4.99998856       1.38895336E-11   1.45405953E-12   1.41562597E-13   1.08706705E-15   9.64595702E-23   1.77828477E-24   3.00810751E-26   6.73595352E-30
  -4.97498846       1.78233938E-11   1.88398949E-12   1.85164696E-13   1.44832448E-15   1.58836689E-22   2.97242158E-24   5.10170892E-26   1.17470314E-29
  -4.94998837       2.28428214E-11   2.43801984E-12   2.41899870E-13   1.92731124E-15   2.60897254E-22   4.95620481E-24   8.63144794E-26   2.04376195E-29
  -4.92498827       2.92392152E-11   3.15107055E-12   3.15631771E-13   2.56161906E-15   4.27465827E-22   8.24362959E-24   1.45679030E-25   3.54736134E-29
  -4.89998817       3.73800539E-11   4.06762948E-12   4.11332318E-13   3.40058741E-15   6.98634201E-22   1.36778541E-23   2.45276133E-25   6.14262596E-29
  -4.87498808       4.77277246E-11   5.24429241E-12   5.35391935E-13   4.50889699E-15   1.13896783E-21   2.26385252E-23   4.11964119E-25   1.06114780E-28
  -4.84998798       6.08637862E-11   6.75297101E-12   6.96015402E-13   5.97121975E-15   1.85220037E-21   3.73773593E-23   6.90254278E-25   1.82882167E-28
  -4.82498789       7.75182279E-11   8.68491824E-12   9.03717585E-13   7.89828408E-15   3.00453769E-21   6.15600608E-23   1.15373254E-24   3.14441984E-28
  -4.79998779       9.86066229E-11   1.11557421E-11   1.17196292E-12   1.04346988E-14   4.86163329E-21   1.01139320E-22   1.92374224E-24   5.39366551E-28
  -4.77498770       1.25275401E-10   1.43117757E-11   1.51796674E-12   1.37690322E-14   7.84696325E-21   1.65756867E-22   3.19988134E-24   9.23000000E-28
  -4.74998760       1.58957902E-10   1.83379666E-11   1.96371218E-12   1.81469846E-14   1.26338066E-20   2.70990609E-22   5.30966340E-24   1.57577104E-27
  -4.72498751       2.01444694E-10   2.34676896E-11   2.53723475E-12   2.38881045E-14   2.02899843E-20   4.41944416E-22   8.78913953E-24   2.68385599E-27
  -4.69998741       2.54968296E-10   2.99952702E-11   3.27424524E-12   3.14077174E-14   3.25044176E-20   7.18970303E-22   1.45134645E-23   4.56036792E-27
  -4.67498732       3.22310123E-10   3.82910925E-11   4.22016502E-12   4.12446397E-14   5.19419115E-20   1.16677036E-21   2.39079507E-23   7.73063041E-27
  -4.64998722       4.06929490E-10   4.88207669E-11   5.43269119E-12   5.40973109E-14   8.27958033E-20   1.88881887E-21   3.92879868E-23   1.30738704E-26
  -4.62498713       5.13122378E-10   6.21690616E-11   6.98502324E-12   7.08698914E-14   1.31647294E-19   3.05018166E-21   6.44055515E-23   2.20580886E-26
  -4.59998703       6.46219689E-10   7.90690430E-11   8.96992376E-12   9.27309038E-14   2.08799942E-19   4.91351181E-21   1.05325572E-22   3.71284904E-26
  -4.57498693       8.12824641E-10   1.00438630E-10   1.15047295E-11   1.21189408E-13   3.30341919E-19   7.89567482E-21   1.71826603E-22   6.23479298E-26
  -4.54998684       1.02110431E-09   1.27425792E-10   1.47377770E-11   1.58190992E-13   5.21327014E-19   1.26566122E-20   2.79636373E-22   1.04450755E-25
  -4.52498674       1.28115241E-09   1.61464370E-10   1.88562499E-11   2.06241410E-13   8.20675768E-19   2.02384148E-20   4.53987204E-22   1.74572601E-25
  -4.49998665       1.60542091E-09   2.04342349E-10   2.40960290E-11   2.68563546E-13   1.28868825E-18   3.22824359E-20   7.35258652E-22   2.91083018E-25
  -4.47498655       2.00924855E-09   2.58286448E-10   3.07541284E-11   3.49297441E-13   2.01853969E-18   5.13673635E-20   1.18790911E-21   4.84208789E-25
  -4.44998646       2.51151522E-09   3.26067701E-10   3.92038832E-11   4.53754601E-13   3.15385418E-18   8.15340685E-20   1.91457657E-21   8.03570992E-25
  -4.42498636       3.13541770E-09   4.11127465E-10   4.99140070E-11   5.88739344E-13   4.91542194E-18   1.29098854E-19   3.07829005E-21   1.33043127E-24
  -4.39998627       3.90941324E-09   5.17734744E-10   6.34721303E-11   7.62961309E-13   7.64175589E-18   2.03909172E-19   4.93733727E-21   2.19753752E-24
  -4.37498617       4.86837903E-09   6.51179333E-10   8.06141612E-11   9.87550428E-13   1.18505567E-17   3.21278940E-19   7.89993674E-21   3.62123088E-24
  -4.34998608       6.05501782E-09   8.18005885E-10   1.02260381E-10   1.27671268E-12   1.83316194E-17   5.04962228E-19   1.26096123E-20   5.95322126E-24
  -4.32498598       7.52147589E-09   1.02630060E-09   1.29559974E-10   1.64855976E-12   2.82862980E-17   7.91711832E-19   2.00782956E-20   9.76392469E-24
  -4.29998589       9.33142896E-09   1.28604261E-09   1.63946412E-10   2.12614475E-12   4.35377813E-17   1.23824554E-18   3.18932733E-20   1.59762098E-23
  -4.27498579       1.15624488E-08   1.60952884E-09   2.07204864E-10   2.73878966E-12   6.68451138E-17   1.93186833E-18   5.05381311E-20   2.60795617E-23
  -4.24998569       1.43089887E-08   2.01189554E-09   2.61556665E-10   3.52372602E-12   1.02373573E-16   3.00662492E-18   7.98888968E-20   4.24719998E-23
  -4.22498560       1.76857977E-08   2.51173660E-09   3.29761524E-10   4.52817601E-12   1.56393715E-16   4.66780253E-18   1.25979956E-19   6.90053742E-23
  -4.19998550       2.18322569E-08   3.13188009E-09   4.15241841E-10   5.81194164E-12   2.38323705E-16   7.22898118E-18   1.98181928E-19   1.11850985E-22
  -4.17498541       2.69171068E-08   3.90030319E-09   5.22239807E-10   7.45069891E-12   3.62265298E-16   1.11679458E-17   3.11010088E-19   1.80873083E-22
  -4.14998531       3.31448753E-08   4.85125407E-09   6.56004029E-10   9.54004237E-12   5.49291337E-16   1.72108029E-17   4.86891899E-19   2.91800204E-22
  -4.12498522       4.07625151E-08   6.02660233E-09   8.23021540E-10   1.22005704E-11   8.30791302E-16   2.64582305E-17   7.60392913E-19   4.69650271E-22
  -4.09998512       5.00683193E-08   7.47743911E-09   1.03129627E-09   1.55843151E-11   1.25341829E-15   4.05743803E-17   1.18465354E-18   7.54122349E-22
  -4.07498503       6.14216731E-08   9.26610166E-09   1.29069377E-09   1.98826407E-11   1.88631103E-15   6.20689399E-17   1.84116260E-18   1.20805326E-21
  -4.04998493       7.52554072E-08   1.14684173E-08   1.61335678E-09   2.53359573E-11   2.83168811E-15   9.47170903E-17   2.85457796E-18   1.93067267E-21
  -4.02498484       9.20897278E-08   1.41766066E-08   2.01421457E-09   3.22462196E-11   4.24025922E-15   1.44183086E-16   4.41509306E-18   3.07829126E-21
  -3.99998474       1.12548911E-07   1.75026429E-08   2.51159160E-09   4.09918939E-11   6.33362872E-15   2.18943750E-16   6.81217232E-18   4.89653360E-21
  -3.97498465       1.37381690E-07   2.15822880E-08   3.12794990E-09   5.20468044E-11   9.43686352E-15   3.31651780E-16   1.04852744E-17   7.77045389E-21
  -3.94998455       1.67484018E-07   2.65799454E-08   3.89079657E-09   6.60036192E-11   1.40254485E-14   5.01145032E-16   1.60998729E-17   1.23021920E-20
  -3.92498446       2.03927101E-07   3.26943272E-08   4.83376006E-09   8.36024583E-11   2.07931308E-14   7.55400076E-16   2.46611690E-17   1.94310849E-20
  -3.89998436       2.47989874E-07   4.01655456E-08   5.99791061E-09   1.05766396E-10   3.07494847E-14   1.13585382E-15   3.76836786E-17   3.06189822E-20
  -3.87498426       3.01196508E-07   4.92830878E-08   7.43330641E-09   1.33645428E-10   4.53596680E-14   1.70372652E-15   5.74435775E-17   4.81352619E-20
  -3.84998417       3.65361643E-07   6.03955073E-08   9.20094401E-09   1.68670175E-10   6.67445699E-14   2.54922993E-15   8.73530917E-17   7.54944481E-20
  -3.82498407       4.42642801E-07   7.39219317E-08   1.13749810E-08   2.12618145E-10   9.79663263E-14   3.80496263E-15   1.32514572E-16   1.18126070E-19
  -3.79998398       5.35599895E-07   9.03659867E-08   1.40454866E-08   2.67694589E-10   1.43433605E-13   5.66531253E-15   2.00538783E-16   1.84397739E-19
  -3.77498388       6.47269189E-07   1.10331513E-07   1.73217067E-08   3.36633110E-10   2.09478715E-13   8.41452186E-15   3.02748448E-16   2.87174284E-19
  -3.74998379       7.81243557E-07   1.34541551E-07   2.13359606E-08   4.22816643E-10   3.05170738E-13   1.24671518E-14   4.55947248E-16   4.46184996E-19
  -3.72498369       9.41771134E-07   1.63860932E-07   2.62483546E-08   5.30426258E-10   4.43466444E-13   1.84262937E-14   6.85009203E-16   6.91613568E-19
  -3.69998360       1.13386488E-06   1.99323026E-07   3.22521743E-08   6.64623023E-10   6.42824823E-13   2.71669368E-14   1.02666026E-15   1.06952861E-18
  -3.67498350       1.36343454E-06   2.42159842E-07   3.95807476E-08   8.31772318E-10   9.29476873E-13   3.99554521E-14   1.53499321E-15   1.65006898E-18
  -3.64998341       1.63743573E-06   2.93839150E-07   4.85151546E-08   1.03970887E-09   1.34059788E-12   5.86196266E-14   2.28947309E-15   2.53975736E-18
  -3.62498331       1.96404608E-06   3.56106739E-07   5.93934573E-08   1.29806499E-09   1.92873842E-12   8.57911967E-14   3.40654141E-15   3.89997874E-18
  -3.59998322       2.35286007E-06   4.31035289E-07   7.26218019E-08   1.61867220E-09   2.76797530E-12   1.25249081E-13   5.05640638E-15   5.97465277E-18
  -3.57498312       2.81512416E-06   5.21084985E-07   8.86877274E-08   2.01604422E-09   3.96246187E-12   1.82405902E-13   7.48721306E-15   9.13153547E-18
  -3.54998302       3.36400012E-06   6.29167573E-07   1.08175371E-07   2.50795074E-09   5.65824818E-12   2.64993919E-13   1.10598125E-14   1.39237360E-17
  -3.52498293       4.01487341E-06   7.58729925E-07   1.31783651E-07   3.11613402E-09   8.05960507E-12   3.84030264E-13   1.62976627E-14   2.11811143E-17
  -3.49998283       4.78569245E-06   9.13841689E-07   1.60347327E-07   3.86715371E-09   1.14514257E-11   5.55172228E-13   2.39581236E-14   3.21456878E-17
  -3.47498274       5.69737358E-06   1.09930284E-06   1.94863304E-07   4.79341455E-09   1.62300329E-11   8.00614024E-13   3.51341948E-14   4.86718830E-17
  -3.44998264       6.77426306E-06   1.32076616E-06   2.36519483E-07   5.93439520E-09   2.29453193E-11   1.15173062E-12   5.13992942E-14   7.35216128E-17
  -3.42498255       8.04463616E-06   1.58488615E-06   2.86729460E-07   7.33815142E-09   3.23580850E-11   1.65276787E-12   7.50126415E-14   1.10798342E-16
  -3.39998245       9.54130519E-06   1.89946809E-06   3.47172943E-07   9.06305431E-09   4.55182524E-11   2.36594988E-12   1.09209686E-13   1.66583932E-16
  -3.37498236       1.13022834E-05   2.27367900E-06   4.19842792E-07   1.11799743E-08   6.38708045E-11   3.37856262E-12   1.58612896E-13   2.49870378E-16
  -3.34998226       1.33715457E-05   2.71824865E-06   5.07102300E-07   1.37747884E-08   8.93991131E-11   4.81272010E-12   2.29808577E-13   3.73920021E-16
  -3.32498217       1.57999038E-05   3.24572784E-06   6.11748987E-07   1.69514607E-08   1.24818475E-10   6.83883852E-12   3.32157994E-13   5.58245217E-16
  -3.29998207       1.86459401E-05   3.87077171E-06   7.37087532E-07   2.08356923E-08   1.73835557E-10   9.69410316E-12   4.78931565E-13   8.31482693E-16
  -3.27498198       2.19771609E-05   4.61046056E-06   8.87018189E-07   2.55792223E-08   2.41497794E-10   1.37077415E-11   6.88894634E-13   1.23556103E-15
  -3.24998188       2.58711352E-05   5.48473417E-06   1.06613948E-06   3.13649693E-08   3.34657801E-10   1.93355748E-11   9.88514826E-13   1.83171447E-15
  -3.22498178       3.04170298E-05   6.51672326E-06   1.27986459E-06   3.84131269E-08   4.62597849E-10   2.72070595E-11   1.41502456E-12   2.70915738E-15
  -3.19998169       3.57170466E-05   7.73331885E-06   1.53455608E-06   4.69886743E-08   6.37853714E-10   3.81890873E-11   2.02067182E-12   3.99754489E-15
  -3.17498159       4.18881245E-05   9.16567478E-06   1.83767781E-06   5.74096717E-08   8.77307449E-10   5.34724418E-11   2.87857737E-12   5.88485330E-15
  -3.14998150       4.90640814E-05   1.08499171E-05   2.19798130E-06   7.00575669E-08   1.20364207E-09   7.46885540E-11   4.09082880E-12   8.64293446E-15
  -3.12498140       5.73975667E-05   1.28277588E-05   2.62571757E-06   8.53893596E-08   1.64724034E-09   1.04066492E-10   5.79957740E-12   1.26639794E-14
  -3.09998131       6.70625886E-05   1.51474060E-05   3.13284863E-06   1.03951450E-07   2.24869523E-09   1.44644435E-10   8.20223403E-12   1.85123896E-14
  -3.07498121       7.82572388E-05   1.78643895E-05   3.73335706E-06   1.26396813E-07   3.06209791E-09   2.00551575E-10   1.15723004E-11   2.69983875E-14
  -3.04998112       9.12065007E-05   2.10426260E-05   4.44351281E-06   1.53504004E-07   4.15931289E-09   2.77385587E-10   1.62876448E-11   3.92823591E-14
  -3.02498102       1.06165659E-04   2.47557273E-05   5.28229066E-06   1.86201220E-07   5.63557379E-09   3.82714527E-10   2.28690435E-11   5.70218243E-14
  -2.99998093       1.23423932E-04   2.90879743E-05   6.27171403E-06   2.25591862E-07   7.61673302E-09   5.26744204E-10   3.20323768E-11   8.25788141E-14
  -2.97498083       1.43308542E-04   3.41362465E-05   7.43736746E-06   2.72988188E-07   1.02686695E-08   7.23199167E-10   4.47591651E-11   1.19311082E-13
  -2.94998074       1.66188824E-04   4.00110293E-05   8.80886182E-06   3.29945465E-07   1.38093634E-08   9.90489468E-10   6.23915780E-11   1.71979428E-13
  -2.92498064       1.92481311E-04   4.68389044E-05   1.04204919E-05   3.98307861E-07   1.85245277E-08   1.35324263E-09   8.67606403E-11   2.47318930E-13
  -2.89998055       2.22654940E-04   5.47641175E-05   1.23119025E-05   4.80258223E-07   2.47876120E-08   1.84431548E-09   1.20356961E-10   3.54832212E-13
  -2.87498045       2.57237058E-04   6.39511418E-05   1.45288359E-05   5.78375079E-07   3.30854526E-08   2.50742671E-09   1.66560404E-10   5.07895158E-13
  -2.84998035       2.96819053E-04   7.45873913E-05   1.71239735E-05   6.95701146E-07   4.40507719E-08   3.40059403E-09   2.29945230E-10   7.25286259E-13
  -2.82498026       3.42063693E-04   8.68847419E-05   2.01579023E-05   8.35823471E-07   5.85037867E-08   4.60061322E-09   3.16686066E-10   1.03330831E-12
  -2.79998016       3.93712719E-04   1.01084617E-04   2.37004060E-05   1.00296540E-06   7.75048505E-08   6.20884455E-09   4.35096237E-10   1.46870797E-12
  -2.77498007       4.52594337E-04   1.17459931E-04   2.78313237E-05   1.20208870E-06   1.02420820E-07   8.35872171E-09   5.96340477E-10   2.08270207E-12
  -2.74997997       5.19631896E-04   1.36318791E-04   3.26423651E-05   1.43901480E-06   1.35008662E-07   1.12254170E-08   8.15371992E-10   2.94648550E-12
  -2.72497988       5.95853839E-04   1.58010720E-04   3.82382641E-05   1.72057241E-06   1.77520889E-07   1.50383404E-08   1.11216680E-09   4.15879223E-12
  -2.69997978       6.82402577E-04   1.82927746E-04   4.47384955E-05   2.05475135E-06   2.32836641E-07   2.00969694E-08   1.51333956E-09   5.85620268E-12
  -2.67497969       7.80546572E-04   2.11511884E-04   5.22798182E-05   2.45089836E-06   3.04626468E-07   2.67913940E-08   2.05426165E-09   8.22718890E-12
  -2.64997959       8.91690201E-04   2.44260882E-04   6.10175084E-05   2.91991091E-06   3.97555709E-07   3.56282328E-08   2.78181145E-09   1.15311536E-11
  -2.62497950       1.01738749E-03   2.81731191E-04   7.11287503E-05   3.47450555E-06   5.17538638E-07   4.72636970E-08   3.75796372E-09   1.61242825E-11
  -2.59997940       1.15935330E-03   3.24548921E-04   8.28140473E-05   4.12947657E-06   6.72050021E-07   6.25454675E-08   5.06443376E-09   2.24944126E-11
  -2.57497931       1.31947885E-03   3.73412884E-04   9.63008933E-05   4.90201910E-06   8.70512224E-07   8.25653501E-08   6.80865631E-09   3.13080048E-11
  -2.54997921       1.49984402E-03   4.29101987E-04   1.11847316E-04   5.81212043E-06   1.12476596E-06   1.08726198E-07   9.13156573E-09   4.34733291E-11
  -2.52497911       1.70273462E-03   4.92486637E-04   1.29744381E-04   6.88293221E-06   1.44965247E-06   1.42825229E-07   1.22174928E-08   6.02251721E-11
  -2.49997902       1.93065661E-03   5.64533984E-04   1.50321590E-04   8.14125087E-06   1.86371756E-06   1.87158889E-07   1.63069451E-08   8.32376459E-11
  -2.47497892       2.18635239E-03   6.46320754E-04   1.73949680E-04   9.61803562E-06   2.39006840E-06   2.44653052E-07   2.17128253E-08   1.14775543E-10
  -2.44997883       2.47281999E-03   7.39045441E-04   2.01044691E-04   1.13491078E-05   3.05741924E-06   3.19025673E-07   2.88411641E-08   1.57894336E-10
  -2.42497873       2.79332744E-03   8.44029477E-04   2.32076403E-04   1.33756803E-05   3.90133891E-06   4.14987625E-07   3.82176211E-08   2.16706042E-10
  -2.39997864       3.15143541E-03   9.62734106E-04   2.67569907E-04   1.57452469E-05   4.96577286E-06   5.38491122E-07   5.05205620E-08   2.96731223E-10
  -2.37497854       3.55101097E-03   1.09677762E-03   3.08114744E-04   1.85123827E-05   6.30483919E-06   6.97039468E-07   6.66232864E-08   4.05362660E-10
  -2.34997845       3.99625162E-03   1.24793197E-03   3.54371034E-04   2.17396700E-05   7.98501333E-06   9.00057444E-07   8.76472228E-08   5.52474844E-10
  -2.32497835       4.49169893E-03   1.41816470E-03   4.07072774E-04   2.54990573E-05   1.00876796E-05   1.15936086E-06   1.15028229E-07   7.51223805E-10
  -2.29997826       5.04226517E-03   1.60963275E-03   4.67039994E-04   2.98726482E-05   1.27122203E-05   1.48971071E-06   1.50599760E-07   1.01909503E-09
  -2.27497816       5.65324444E-03   1.82469725E-03   5.35185274E-04   3.49546390E-05   1.59795854E-05   1.90950209E-06   1.96697414E-07   1.37926959E-09
  -2.24997807       6.33034017E-03   2.06594076E-03   6.12521952E-04   4.08520900E-05   2.00366030E-05   2.44159150E-06   2.56286995E-07   1.86239690E-09
  -2.22497797       7.07967579E-03   2.33618822E-03   7.00177392E-04   4.76872956E-05   2.50609028E-05   3.11430767E-06   3.33126508E-07   2.50890242E-09
  -2.19997787       7.90782180E-03   2.63851881E-03   7.99401780E-04   5.55995139E-05   3.12668235E-05   3.96264022E-06   4.31962718E-07   3.37198025E-09
  -2.17497778       8.82180873E-03   2.97627551E-03   9.11570678E-04   6.47467095E-05   3.89121560E-05   5.02971216E-06   5.58775469E-07   4.52142590E-09
  -2.14997768       9.82913747E-03   3.35311936E-03   1.03820709E-03   7.53087807E-05   4.83059703E-05   6.36849791E-06   7.21079459E-07   6.04860739E-09
  -2.12497759       1.09378109E-02   3.77302011E-03   1.18098967E-03   8.74887628E-05   5.98178485E-05   8.04388492E-06   9.28289069E-07   8.07279488E-09
  -2.09997749       1.21563282E-02   4.24028095E-03   1.34176132E-03   1.01516707E-04   7.38881499E-05   1.01351270E-05   1.19217157E-06   1.07493658E-08
  -2.07497740       1.34937186E-02   4.75953799E-03   1.52255548E-03   1.17653108E-04   9.10402159E-05   1.27387812E-05   1.52738721E-06   1.42801184E-08
  -2.04997730       1.49595272E-02   5.33577241E-03   1.72560662E-03   1.36190909E-04   1.11893736E-04   1.59721167E-05   1.95215398E-06   1.89265315E-08
  -2.02497721       1.65638514E-02   5.97437564E-03   1.95334596E-03   1.57461254E-04   1.37180599E-04   1.99770984E-05   2.48905485E-06   2.50264911E-08
  -1.99997723       1.83173064E-02   6.68110605E-03   2.20843847E-03   1.81835640E-04   1.67761871E-04   2.49251771E-05   3.16599426E-06   3.30156631E-08
  -1.97497725       2.02310830E-02   7.46219233E-03   2.49379198E-03   2.09730948E-04   2.04648357E-04   3.10226460E-05   4.01736088E-06   4.34540510E-08
  -1.94997728       2.23168936E-02   8.32429901E-03   2.81256274E-03   2.41616712E-04   2.49021861E-04   3.85173189E-05   5.08541507E-06   5.70599141E-08
  -1.92497730       2.45869961E-02   9.27454792E-03   3.16819502E-03   2.78015883E-04   3.02260218E-04   4.77056019E-05   6.42196301E-06   7.47519806E-08
  -1.89997733       2.70541776E-02   1.03205647E-02   3.56443506E-03   3.19515588E-04   3.65964283E-04   5.89410847E-05   8.09029189E-06   9.77025252E-08
  -1.87497735       2.97317393E-02   1.14703942E-02   4.00534645E-03   3.66771943E-04   4.41988173E-04   7.26443104E-05   1.01675460E-05   1.27402956E-07
  -1.84997737       3.26334909E-02   1.27325561E-02   4.49533109E-03   4.20512981E-04   5.32472332E-04   8.93143151E-05   1.27474559E-05   1.65746911E-07
  -1.82497740       3.57736908E-02   1.41161326E-02   5.03908843E-03   4.81550582E-04   6.39878446E-04   1.09540895E-04   1.59436386E-05   2.15130640E-07
  -1.79997742       3.91670801E-02   1.56306755E-02   5.64170629E-03   5.50786674E-04   7.67030055E-04   1.34019268E-04   1.98933067E-05   2.78580558E-07
  -1.77497745       4.28287834E-02   1.72862932E-02   6.30865945E-03   6.29220041E-04   9.17152385E-04   1.63566277E-04   2.47618318E-05   3.59907716E-07
  -1.74997747       4.67743129E-02   1.90936290E-02   7.04579940E-03   7.17964256E-04   1.09391822E-03   1.99138842E-04   3.07478440E-05   4.63899369E-07
  -1.72497749       5.10195009E-02   2.10638866E-02   7.85944611E-03   8.18246452E-04   1.30149478E-03   2.41854636E-04   3.80893325E-05   5.96553207E-07
  -1.69997752       5.55804595E-02   2.32087970E-02   8.75634328E-03   9.31419141E-04   1.54459383E-03   2.93014979E-04   4.70703744E-05   7.65361847E-07
  -1.67497754       6.04735091E-02   2.55406685E-02   9.74370167E-03   1.05897454E-03   1.82852265E-03   3.54128482E-04   5.80293854E-05   9.79662559E-07
  -1.64997756       6.57151416E-02   2.80722491E-02   1.08292233E-02   1.20255654E-03   2.15923972E-03   4.26941406E-04   7.13681366E-05   1.25106578E-06
  -1.62497759       7.13218674E-02   3.08166705E-02   1.20209670E-02   1.36396429E-03   2.54340447E-03   5.13466075E-04   8.75624537E-05   1.59395631E-06
  -1.59997761       7.73102716E-02   3.37873884E-02   1.33275352E-02   1.54518662E-03   2.98843929E-03   6.16016972E-04   1.07173488E-04   2.02611886E-06
  -1.57497764       8.36967975E-02   3.69984955E-02   1.47580449E-02   1.74839888E-03   3.50257684E-03   7.37240713E-04   1.30862318E-04   2.56948965E-06
  -1.54997766       9.04977098E-02   4.04646322E-02   1.63220838E-02   1.97597127E-03   4.09491733E-03   8.80162930E-04   1.59403382E-04   3.25103929E-06
  -1.52497768       9.77289975E-02   4.42009345E-02   1.80298015E-02   2.23049102E-03   4.77547804E-03   1.04821962E-03   1.93703454E-04   4.10384291E-06
  -1.49997771      0.105406262       4.82225418E-02   1.98918357E-02   2.51478190E-03   5.55523997E-03   1.24530762E-03   2.34819716E-04   5.16835826E-06
  -1.47497773      0.113544635       5.25451675E-02   2.19193920E-02   2.83190794E-03   6.44619158E-03   1.47583918E-03   2.83981179E-04   6.49394315E-06
  -1.44997776      0.122158535       5.71845546E-02   2.41241679E-02   3.18519492E-03   7.46135414E-03   1.74476742E-03   3.42610932E-04   8.14064151E-06
  -1.42497778      0.131261766       6.21567890E-02   2.65184529E-02   3.57827311E-03   8.61482602E-03   2.05766154E-03   4.12354420E-04   1.01813075E-05
  -1.39997780      0.140867174       6.74781203E-02   2.91148797E-02   4.01506759E-03   9.92178172E-03   2.42073322E-03   4.95105400E-04   1.27040730E-05
  -1.37497783      0.150986612       7.31647760E-02   3.19264121E-02   4.49982285E-03   1.13984793E-02   2.84089288E-03   5.93037403E-04   1.58152616E-05
  -1.34997785      0.161630869       7.92327672E-02   3.49663869E-02   5.03708236E-03   1.30622685E-02   3.32583394E-03   7.08638341E-04   1.96428773E-05
  -1.32497787      0.172809348       8.56980532E-02   3.82488295E-02   5.63173415E-03   1.49315344E-02   3.88403703E-03   8.44743161E-04   2.43404647E-05
  -1.29997790      0.184530139       9.25762355E-02   4.17882204E-02   6.28904300E-03   1.70256868E-02   4.52483585E-03   1.00457552E-03   3.00917964E-05
  -1.27497792      0.196799710       9.98828039E-02   4.55994345E-02   7.01463688E-03   1.93650629E-02   5.25849592E-03   1.19178277E-03   3.71160677E-05
  -1.24997795      0.209622934      0.107632741       4.96974662E-02   7.81458709E-03   2.19708867E-02   6.09616097E-03   1.41049025E-03   4.56742164E-05
  -1.22497797      0.223002791      0.115840420       5.40977791E-02   8.69533978E-03   2.48651206E-02   7.04997685E-03   1.66533212E-03   5.60758635E-05
  -1.19997799      0.236940280      0.124519885       5.88158295E-02   9.66381468E-03   2.80703492E-02   8.13310035E-03   1.96150923E-03   6.86872372E-05
  -1.17497802      0.251434356      0.133684397       6.38674125E-02   1.07273757E-02   3.16096134E-02   9.35964938E-03   2.30483222E-03   8.39406057E-05
  -1.14997804      0.266481757      0.143346041       6.92683607E-02   1.18937874E-02   3.55062671E-02   1.07448762E-02   2.70174956E-03   1.02344420E-04
  -1.12497807      0.282076865      0.153516144       7.50345662E-02   1.31712351E-02   3.97836827E-02   1.23050325E-02   3.15943779E-03   1.24495273E-04
  -1.09997809      0.298211664      0.164204806       8.11816007E-02   1.45684294E-02   4.44650985E-02   1.40572805E-02   3.68581759E-03   1.51090760E-04
  -1.07497811      0.314875513      0.175420970       8.77248794E-02   1.60945579E-02   4.95732948E-02   1.60197932E-02   4.28959122E-03   1.82944932E-04
  -1.04997814      0.332055211      0.187172189       9.46797580E-02   1.77592896E-02   5.51303253E-02   1.82116646E-02   4.98033594E-03   2.21003458E-04
  -1.02497816      0.349734753      0.199464023      0.102060936       1.95727721E-02   6.11571968E-02   2.06528604E-02   5.76846860E-03   2.66363699E-04
 -0.999978185      0.367895484      0.212300420      0.109882787       2.15456299E-02   6.76735491E-02   2.33639386E-02   6.66530337E-03   3.20294464E-04
 -0.974978209      0.386515796      0.225683272      0.118159235       2.36890614E-02   7.46972337E-02   2.63662972E-02   7.68314954E-03   3.84255341E-04
 -0.949978232      0.405571282      0.239612773      0.126903728       2.60146931E-02   8.22440237E-02   2.96817534E-02   8.83521326E-03   4.59926261E-04
 -0.924978256      0.425034553      0.254087180      0.136128962       2.85346564E-02   9.03271884E-02   3.33325341E-02   1.01356786E-02   5.49229095E-04
 -0.899978280      0.444875449      0.269104540      0.145846546       3.12613957E-02   9.89570841E-02   3.73409763E-02   1.15997531E-02   6.54360512E-04
 -0.874978304      0.465060860      0.284658670      0.156066850       3.42075005E-02  0.108140796       4.17295359E-02   1.32435961E-02   7.77818321E-04
 -0.849978328      0.485554785      0.300740778      0.166799441       3.73862237E-02  0.117881730       4.65201437E-02   1.50842099E-02   9.22440493E-04
 -0.824978352      0.506318569      0.317339569      0.178052470       4.08113264E-02  0.128179237       5.17339967E-02   1.71395112E-02   1.09143183E-03
 -0.799978375      0.527310669      0.334441364      0.189832777       4.44969609E-02  0.139028266       5.73916361E-02   1.94282681E-02   1.28840259E-03
 -0.774978399      0.548487067      0.352029711      0.202145338       4.84575331E-02  0.150419042       6.35125637E-02   2.19699740E-02   1.51742215E-03
 -0.749978423      0.569801271      0.370085895      0.214993581       5.27076200E-02  0.162336737       7.01142699E-02   2.47846283E-02   1.78303709E-03
 -0.724978447      0.591204226      0.388587892      0.228378862       5.72623052E-02  0.174761221       7.72129893E-02   2.78929658E-02   2.09032511E-03
 -0.699978471      0.612644851      0.407511026      0.242300868       6.21364415E-02  0.187666863       8.48228186E-02   3.13161165E-02   2.44494108E-03
 -0.674978495      0.634069979      0.426828057      0.256757677       6.73449337E-02  0.201022357       9.29552019E-02   3.50754112E-02   2.85312627E-03
 -0.649978518      0.655424595      0.446508706      0.271746546       7.29029402E-02  0.214790687      0.101618618       3.91921848E-02   3.32179922E-03
 -0.624978542      0.676652014      0.466519654      0.287260264       7.88256600E-02  0.228928968      0.110818237       4.36877385E-02   3.85856442E-03
 -0.599978566      0.697694302      0.486825049      0.303290069       8.51278603E-02  0.243388653      0.120555550       4.85827774E-02   4.47175838E-03
 -0.574978590      0.718492210      0.507386744      0.319824457       9.18241069E-02  0.258115560      0.130828336       5.38971424E-02   5.17049711E-03
 -0.549978614      0.738985896      0.528164744      0.336849213       9.89284441E-02  0.273050070      0.141630292       5.96499145E-02   5.96468709E-03
 -0.524978638      0.759114563      0.549115062      0.354347408      0.106454894      0.288127452      0.152950048       6.58587962E-02   6.86502503E-03
 -0.499978632      0.778817415      0.570191503      0.372299910      0.114416733      0.303278297      0.164771289       7.25396946E-02   7.88309611E-03
 -0.474978626      0.798033476      0.591344595      0.390684724      0.122826666      0.318428725      0.177072555       7.97071904E-02   9.03133303E-03
 -0.449978620      0.816702187      0.612524390      0.409477204      0.131697103      0.333501250      0.189827383       8.73736292E-02   1.03230011E-02
 -0.424978614      0.834763527      0.633681953      0.428649604      0.141039640      0.348415047      0.203004196       9.55486894E-02   1.17722945E-02
 -0.399978608      0.852158368      0.654760838      0.448171973      0.150864482      0.363086939      0.216566011      0.104239196       1.33942850E-02
 -0.374978602      0.868829012      0.675706863      0.468010843      0.161180913      0.377431929      0.230470583      0.113448709       1.52047798E-02
 -0.349978596      0.884719133      0.696461618      0.488131225      0.171996877      0.391364008      0.244670108      0.123177215       1.72203965E-02
 -0.324978590      0.899774492      0.716967583      0.508495092      0.183319315      0.404797077      0.259111166      0.133420780       1.94584392E-02
 -0.299978584      0.913942933      0.737166286      0.529062510      0.195153862      0.417645842      0.273735523      0.144171283       2.19368786E-02
 -0.274978578      0.927174747      0.756998658      0.549790323      0.207504317      0.429826498      0.288479686      0.155415922       2.46742107E-02
 -0.249978572      0.939423144      0.776404262      0.570632935      0.220372930      0.441257894      0.303275824      0.167137325       2.76893117E-02
 -0.224978566      0.950644255      0.795323789      0.591542125      0.233760133      0.451862246      0.318053842      0.179313332       3.10016200E-02
 -0.199978560      0.960797668      0.813698888      0.612465203      0.247664481      0.461566091      0.332738578      0.191917300       3.46306749E-02
 -0.174978554      0.969846487      0.831471801      0.633361280      0.262083709      0.470301092      0.347252399      0.204917043       3.85959446E-02
 -0.149978548      0.977757514      0.848585248      0.654170275      0.277013391      0.478004903      0.361515164      0.218275771       4.29167897E-02
 -0.124978550      0.984501719      0.864982724      0.674838424      0.292445540      0.484621823      0.375446349      0.231951237       4.76122946E-02
  -9.99785513E-02  0.990054071      0.880608916      0.695310473      0.308370411      0.490103543      0.388963938      0.245896429       5.27007580E-02
  -7.49785528E-02  0.994394004      0.895411134      0.715529323      0.324775338      0.494409710      0.401985228      0.260058701       5.81995212E-02
  -4.99785542E-02  0.997505248      0.909338593      0.735437989      0.341645420      0.497508377      0.414428264      0.274380922       6.41246438E-02
  -2.49785539E-02  0.999376237      0.922342896      0.754978895      0.358963728      0.499376476      0.426213503      0.288801730       7.04905838E-02
   2.14464962E-05   1.00000000      0.934378386      0.774092734      0.376710415      0.500000000      0.437264204      0.303256243       7.73106515E-02
   2.50214469E-02  0.999374151      0.945402980      0.792721629      0.394862950      0.499374330      0.447507769      0.317674994       8.45960826E-02
   5.00214472E-02  0.997500956      0.955376983      0.810809135      0.413396597      0.497504115      0.456875056      0.331986129       9.23560709E-02
   7.50214458E-02  0.994387567      0.964264333      0.828298509      0.432283908      0.494403332      0.465302020      0.346115232      0.100597054    
  0.100021444      0.990045607      0.972033381      0.845134377      0.451494455      0.490095139      0.472730339      0.359985560      0.109322742    
  0.125021443      0.984491169      0.978655517      0.861262083      0.470995724      0.484611422      0.479107261      0.373519838      0.118533559    
  0.150021449      0.977744937      0.984106064      0.876627564      0.490752876      0.477992594      0.484386712      0.386639506      0.128226429    
  0.175021455      0.969831884      0.988364756      0.891179085      0.510729432      0.470286965      0.488530993      0.399265647      0.138394475    
  0.200021461      0.960781217      0.991418362      0.904867649      0.530884981      0.461550236      0.491510063      0.411320567      0.149026990    
  0.225021467      0.950625896      0.993253589      0.917646050      0.551178098      0.451844811      0.493302345      0.422728240      0.160109520    
  0.250021458      0.939402997      0.993864655      0.929470301      0.571563840      0.441238970      0.493894875      0.433416486      0.171623051    
  0.275021464      0.927152872      0.993248820      0.940298676      0.591995597      0.429806232      0.493283570      0.443316400      0.183544353    
  0.300021470      0.913919389      0.991409004      0.950092971      0.612425208      0.417624354      0.491472960      0.452362448      0.195845351    
  0.325021476      0.899749458      0.988351524      0.958818436      0.632808685      0.404774517      0.488475859      0.460494816      0.208494022    
  0.350021482      0.884692609      0.984087825      0.966444016      0.653091550      0.391340494      0.484314233      0.467658490      0.221453682    
  0.375021487      0.868801057      0.978634477      0.972942114      0.673220158      0.377407640      0.479018390      0.473804116      0.234682918    
  0.400021493      0.852129161      0.972009301      0.978289008      0.693142116      0.363062024      0.472626328      0.478888482      0.248135746    
  0.425021499      0.834733069      0.964237809      0.982465267      0.712802649      0.348389655      0.465183675      0.482875288      0.261761367    
  0.450021505      0.816670656      0.955347776      0.985456228      0.732147574      0.333475500      0.456743449      0.485737056      0.275505185    
  0.475021511      0.798000991      0.945371389      0.987251282      0.751121640      0.318402797      0.447365493      0.487453222      0.289309382    
  0.500021517      0.778784037      0.934344769      0.987844586      0.769668341      0.303252280      0.437113822      0.488011718      0.303111315    
  0.525021493      0.759080410      0.922307253      0.987233281      0.787733257      0.288101524      0.426057816      0.487408638      0.316848874    
  0.550021470      0.738951027      0.909301162      0.985419512      0.805261970      0.273024321      0.414269805      0.485648334      0.330453217    
  0.575021446      0.718456805      0.895373106      0.982412457      0.822201371      0.258090109      0.401827157      0.482743561      0.343856156    
  0.600021422      0.697658420      0.880570292      0.978218675      0.838497818      0.243363619      0.388808072      0.478715032      0.356986880    
  0.625021398      0.676615715      0.864943445      0.972854733      0.854099751      0.228904426      0.375293672      0.473591566      0.369774461    
  0.650021374      0.655388057      0.848546147      0.966340721      0.868956447      0.214766741      0.361366600      0.467408895      0.382147431    
  0.675021350      0.634033263      0.831432939      0.958700180      0.883019209      0.200999111      0.347109377      0.460210443      0.394033968    
  0.700021327      0.612608075      0.813660443      0.949960470      0.896240771      0.187644333      0.332603633      0.452046633      0.405363679    
  0.725021303      0.591167510      0.795286179      0.940152705      0.908577085      0.174739510      0.317928195      0.442973942      0.416067481    
  0.750021279      0.569764614      0.776369154      0.929311991      0.919986010      0.162315860      0.303160310      0.433052361      0.426080227    
  0.775021255      0.548450649      0.756967425      0.917476535      0.930428982      0.150399074      0.288374960      0.422347307      0.435340017    
  0.800021231      0.527274489      0.737139702      0.904687464      0.939869761      0.139009207      0.273644209      0.410928071      0.443788618    
  0.825021207      0.506282747      0.716944933      0.890989780      0.948275328      0.128161103      0.259033799      0.398867130      0.451372385    
  0.850021183      0.485519409      0.696443081      0.876429915      0.955616593      0.117864542      0.244606465      0.386239022      0.458042085    
  0.875021160      0.465025961      0.675693750      0.861057639      0.961867452      0.108124577      0.230420649      0.373121113      0.463754117    
  0.900021136      0.444841146      0.654753804      0.844924212      0.967006326       9.89418253E-02  0.216529995      0.359591842      0.468471110    
  0.925021112      0.425000876      0.633679986      0.828083098      0.971014619       9.03128684E-02  0.202982470      0.345729947      0.472161055    
  0.950021088      0.405538261      0.612527728      0.810589910      0.973878622       8.22306350E-02  0.189820170      0.331613600      0.474798799    
  0.975021064      0.386483520      0.591349602      0.792500615      0.975587904       7.46847540E-02  0.177079797      0.317318320      0.476366311    
   1.00002110      0.367863923      0.570205688      0.773872018      0.976136446       6.76619336E-02  0.164792776      0.302918494      0.476853162    
   1.02502108      0.349703997      0.549136162      0.754761338      0.975522161       6.11464381E-02  0.152985141      0.288484752      0.476256728    
   1.05002105      0.332025260      0.528192520      0.735225201      0.973747492       5.51203899E-02  0.141677856      0.274088383      0.474580765    
   1.07502103      0.314846456      0.507421136      0.715321422      0.970818520       4.95641492E-02  0.130887106      0.259792149      0.471836954    
   1.10002100      0.298183501      0.486865282      0.695108414      0.966745973       4.44567017E-02  0.120624349      0.245657086      0.468043953    
   1.12502098      0.282049626      0.466566384      0.674644172      0.961544454       3.97759974E-02  0.110896014      0.231739938      0.463227898    
   1.15002096      0.266455472      0.446562350      0.653984785      0.955232382       3.54992598E-02  0.101704359      0.218093187      0.457421869    
   1.17502093      0.251408994      0.426888347      0.633186579      0.947832286       3.16032395E-02   9.30477083E-02  0.204764158      0.450665236    
   1.20002091      0.236915886      0.407577634      0.612303257      0.939369798       2.80645676E-02   8.49208683E-02  0.191794634      0.443002284    
   1.22502089      0.222979337      0.388660491      0.591387987      0.929875076       2.48598941E-02   7.73154795E-02  0.179220796      0.434482783    
   1.25002086      0.209600449      0.370163709      0.570491493      0.919380546       2.19661724E-02   7.02201426E-02  0.167074665      0.425161719    
   1.27502084      0.196778178      0.352112472      0.549661875      0.907922387       1.93608254E-02   6.36208579E-02  0.155382395      0.415097386    
   1.30002081      0.184509546      0.334528685      0.528947592      0.895541251       1.70218870E-02   5.75016364E-02  0.144165620      0.404352367    
   1.32502079      0.172789693      0.317431331      0.508393764      0.882277310       1.49281388E-02   5.18447161E-02  0.133441359      0.392991900    
   1.35002077      0.161612138      0.300836623      0.488043845      0.868176103       1.30592417E-02   4.66307215E-02  0.123221755      0.381083429    
   1.37502074      0.150968805      0.284758538      0.467938453      0.853284478       1.13957888E-02   4.18391749E-02  0.113515183      0.368697286    
   1.40002072      0.140850261      0.269208014      0.448114812      0.837651610       9.91939753E-03   3.74486744E-02  0.104325488      0.355905175    
   1.42502069      0.131245717      0.254194260      0.428607941      0.821328044       8.61271936E-03   3.34374942E-02   9.56526846E-02  0.342778802    
   1.45002067      0.122143336      0.239722207      0.409450531      0.804365933       7.45949708E-03   2.97835842E-02   8.74931663E-02  0.329389334    
   1.47502065      0.113530256      0.225794792      0.390672863      0.786818504       6.44455990E-03   2.64645163E-02   7.98401535E-02  0.315806448    
   1.50002062      0.105392694      0.212413818      0.372302175      0.768739998       5.55380946E-03   2.34582759E-02   7.26839900E-02  0.302098215    
   1.52502060       9.77162048E-02  0.199579060      0.354363263      0.750184238       4.77422820E-03   2.07430460E-02   6.60123974E-02  0.288331628    
   1.55002058       9.04856697E-02  0.187288418      0.336878270      0.731205821       4.09382815E-03   1.82975475E-02   5.98110892E-02  0.274569720    
   1.57502055       8.36854801E-02  0.175537765      0.319866598      0.711859465       3.50162992E-03   1.61010567E-02   5.40640727E-02  0.260873556    
   1.60002053       7.72996545E-02  0.164321631      0.303344548      0.692200840       2.98761856E-03   1.41338566E-02   4.87535819E-02  0.247299999    
   1.62502050       7.13119209E-02  0.153632820      0.287326604      0.672285557       2.54269503E-03   1.23768775E-02   4.38605994E-02  0.233902887    
   1.65002048       6.57058358E-02  0.143462390      0.271824002      0.652167082       2.15862831E-03   1.08119529E-02   3.93652283E-02  0.220731840    
   1.67502046       6.04648180E-02  0.133800149      0.256846070      0.631899118       1.82799704E-03   9.42195859E-03   3.52470875E-02  0.207832456    
   1.70002043       5.55723496E-02  0.124634825      0.242398769      0.611534238       1.54414307E-03   8.19076970E-03   3.14852893E-02  0.195245847    
   1.72502041       5.10119498E-02  0.115954340      0.228485137      0.591123343       1.30110944E-03   7.10318983E-03   2.80585177E-02  0.183008134    
   1.75002038       4.67672870E-02  0.107745439      0.215107650      0.570715666       1.09358958E-03   6.14505401E-03   2.49456391E-02  0.171150714    
   1.77502036       4.28222604E-02   9.99941677E-02  0.202266604      0.550355315       9.16872930E-04   5.30326460E-03   2.21257061E-02  0.159700692    
   1.80002034       3.91610265E-02   9.26859006E-02  0.189960629      0.530090094       7.66793091E-04   4.56568599E-03   1.95781458E-02  0.148680553    
   1.82502031       3.57680880E-02   8.58056098E-02  0.178186134      0.509964705       6.39678037E-04   3.92113766E-03   1.72828697E-02  0.138108611    
   1.85002029       3.26283090E-02   7.93378875E-02  0.166938245      0.490020871       5.32303296E-04   3.35940626E-03   1.52205788E-02  0.127998948    
   1.87502027       2.97269560E-02   7.32671022E-02  0.156210184      0.470297843       4.41845943E-04   2.87116668E-03   1.33726904E-02  0.118361667    
   1.90002024       2.70497669E-02   6.75774440E-02  0.145993724      0.450832784       3.65844928E-04   2.44792551E-03   1.17213428E-02  0.109202981    
   1.92502022       2.45829355E-02   6.22528195E-02  0.136279613      0.431659639       3.02160333E-04   2.08201632E-03   1.02496315E-02  0.100525737    
   1.95002019       2.23131590E-02   5.72772473E-02  0.127056941      0.412810385       2.48938537E-04   1.76650472E-03   8.94154981E-03   9.23293754E-02
   1.97502017       2.02276539E-02   5.26345149E-02  0.118314296      0.394314826       2.04578988E-04   1.49517227E-03   7.78200198E-03   8.46101046E-02
   2.00002027       1.83141548E-02   4.83086035E-02  0.110039115      0.376200527       1.67704129E-04   1.26244500E-03   6.75681885E-03   7.73614421E-02
   2.02502036       1.65609531E-02   4.42835391E-02  0.102218054      0.358491957       1.37132592E-04   1.06335781E-03   5.85283712E-03   7.05741793E-02
   2.05002046       1.49568813E-02   4.05438766E-02   9.48370397E-02  0.341211528       1.11854148E-04   8.93493416E-04   5.05783409E-03   6.42369837E-02
   2.07502055       1.34912990E-02   3.70742343E-02   8.78816098E-02  0.324379027       9.10075760E-05   7.48942897E-04   4.36048582E-03   5.83370067E-02
   2.10002065       1.21541256E-02   3.38596851E-02   8.13369304E-02  0.308011174       7.38613817E-05   6.26255176E-04   3.75040621E-03   5.28596789E-02
   2.12502074       1.09358029E-02   3.08856834E-02   7.51878694E-02  0.292123079       5.97958897E-05   5.22396178E-04   3.21806734E-03   4.77887392E-02
   2.15002084       9.82731394E-03   2.81381570E-02   6.94191083E-02  0.276726842       4.82880532E-05   4.34704532E-04   2.75477115E-03   4.31071036E-02
   2.17502093       8.82015191E-03   2.56034378E-02   6.40149862E-02  0.261832237       3.88975350E-05   3.60856095E-04   2.35260651E-03   3.87968048E-02
   2.20002103       7.90632144E-03   2.32682750E-02   5.89599237E-02  0.247446626       3.12549600E-05   2.98827246E-04   2.00441806E-03   3.48392054E-02
   2.22502112       7.07831886E-03   2.11200863E-02   5.42381257E-02  0.233573616       2.50512967E-05   2.46860349E-04   1.70373381E-03   3.12151015E-02
   2.25002122       6.32911175E-03   1.91467050E-02   4.98338863E-02  0.220216468       2.00288287E-05   2.03436473E-04   1.44473731E-03   2.79052369E-02
   2.27502131       5.65213384E-03   1.73363350E-02   4.57317606E-02  0.207376689       1.59733081E-05   1.67244740E-04   1.22222421E-03   2.48903036E-02
   2.30002141       5.04126260E-03   1.56778060E-02   4.19161320E-02  0.195053861       1.27071653E-05   1.37158306E-04   1.03154045E-03   2.21512262E-02
   2.32502151       4.49079741E-03   1.41604841E-02   3.83721702E-02  0.183245659       1.00836305E-05   1.12211535E-04   8.68554576E-04   1.96692254E-02
   2.35002160       3.99543997E-03   1.27742151E-02   3.50850970E-02  0.171948150       7.98177007E-06   9.15796700E-05   7.29595660E-04   1.74260437E-02
   2.37502170       3.55028291E-03   1.15094027E-02   3.20405364E-02  0.161155879       6.30225441E-06   7.45602883E-05   6.11424097E-04   1.54040232E-02
   2.40002179       3.15078185E-03   1.03570390E-02   2.92245094E-02  0.150861800       4.96371285E-06   6.05566493E-05   5.11185150E-04   1.35860406E-02
   2.42502189       2.79274280E-03   9.30856541E-03   2.66235545E-02  0.141057536       3.89970592E-06   4.90639395E-05   4.26371407E-04   1.19556924E-02
   2.45002198       2.47229636E-03   8.35591555E-03   2.42245402E-02  0.131734073       3.05612480E-06   3.96560645E-05   3.54791875E-04   1.04973726E-02
   2.47502208       2.18588533E-03   7.49155879E-03   2.20149402E-02  0.122880787       2.38904749E-06   3.19745086E-05   2.94533558E-04   9.19630472E-03
   2.50002217       1.93023973E-03   6.70835283E-03   1.99826602E-02  0.114486411       1.86291254E-06   2.57184274E-05   2.43933260E-04   8.03842396E-03
   2.52502227       1.70236360E-03   5.99963497E-03   1.81159899E-02  0.106538668       1.44902083E-06   2.06363111E-05   2.01550254E-04   7.01055862E-03
   2.55002236       1.49951433E-03   5.35918260E-03   1.64037496E-02   9.90247354E-02   1.12427153E-06   1.65183283E-05   1.66139085E-04   6.10043015E-03
   2.57502246       1.31918571E-03   4.78117494E-03   1.48352692E-02   9.19311866E-02   8.70125405E-07   1.31900833E-05   1.36627001E-04   5.29656745E-03
   2.60002255       1.15909346E-03   4.26024664E-03   1.34004299E-02   8.52442458E-02   6.71748865E-07   1.05069385E-05   1.12092435E-04   4.58830874E-03
   2.62502265       1.01715710E-03   3.79140116E-03   1.20895905E-02   7.89498016E-02   5.17304272E-07   8.34932962E-06   9.17471261E-05   3.96585139E-03
   2.65002275       8.91486125E-04   3.36998980E-03   1.08937062E-02   7.30333701E-02   3.97373753E-07   6.61871718E-06   7.49177634E-05   3.42016481E-03
   2.67502284       7.80366070E-04   2.99172802E-03   9.80416872E-03   6.74802363E-02   3.04485610E-07   5.23411700E-06   6.10313691E-05   2.94295698E-03
   2.70002294       6.82243495E-04   2.65266327E-03   8.81286152E-03   6.22755140E-02   2.32728084E-07   4.12914505E-06   4.96019784E-05   2.52666278E-03
   2.72502303       5.95713500E-04   2.34913081E-03   7.91220274E-03   5.74042276E-02   1.77437286E-07   3.24955727E-06   4.02181067E-05   2.16440670E-03
   2.75002313       5.19508554E-04   2.07776250E-03   7.09497184E-03   5.28513193E-02   1.34944557E-07   2.55115083E-06   3.25327674E-05   1.84993516E-03
   2.77502322       4.52486012E-04   1.83547381E-03   6.35443814E-03   4.86018956E-02   1.02371800E-07   1.99799979E-06   2.62540852E-05   1.57761422E-03
   2.80002332       3.93617549E-04   1.61944155E-03   5.68427984E-03   4.46413308E-02   7.74673907E-08   1.56099782E-06   2.11373426E-05   1.34237343E-03
   2.82502341       3.41980369E-04   1.42707338E-03   5.07860538E-03   4.09549773E-02   5.84752833E-08   1.21662629E-06   1.69777595E-05   1.13965396E-03
   2.85002351       2.96746031E-04   1.25600654E-03   4.53193579E-03   3.75284664E-02   4.40291004E-08   9.45931788E-07   1.36046856E-05   9.65386920E-04
   2.87502360       2.57173291E-04   1.10408699E-03   4.03919537E-03   3.43478471E-02   3.30690497E-08   7.33685397E-07   1.08761342E-05   8.15939973E-04
   2.90002370       2.22599323E-04   9.69349057E-04   3.59564740E-03   3.13993916E-02   2.47752290E-08   5.67685902E-07   8.67437120E-06   6.88086904E-04
   2.92502379       1.92432679E-04   8.50004319E-04   3.19691491E-03   2.86699682E-02   1.85151681E-08   4.38181758E-07   6.90206207E-06   5.78972162E-04
   2.95002389       1.66146521E-04   7.44436635E-04   2.83895223E-03   2.61467621E-02   1.38023326E-08   3.37402554E-07   5.47895843E-06   4.86071687E-04
   2.97502398       1.43271653E-04   6.51174923E-04   2.51801452E-03   2.38173679E-02   1.02633830E-08   2.59173760E-07   4.33905825E-06   4.07166197E-04
   3.00002408       1.23391917E-04   5.68894495E-04   2.23064469E-03   2.16699056E-02   7.61278240E-09   1.98601128E-07   3.42824228E-06   3.40308412E-04
   3.02502418       1.06137923E-04   4.96400520E-04   1.97365880E-03   1.96928103E-02   5.63262947E-09   1.51816948E-07   2.70225155E-06   2.83793488E-04
   3.05002427       9.11824973E-05   4.32611036E-04   1.74415961E-03   1.78749450E-02   4.15712398E-09   1.15773076E-07   2.12499890E-06   2.36136460E-04
   3.07502437       7.82364223E-05   3.76553857E-04   1.53947063E-03   1.62056740E-02   3.06046899E-09   8.80731434E-08   1.66713323E-06   1.96043955E-04
   3.10002446       6.70446825E-05   3.27357615E-04   1.35715131E-03   1.46748759E-02   2.24749463E-09   6.68386662E-08   1.30485000E-06   1.62395707E-04
   3.12502456       5.73820762E-05   2.84237671E-04   1.19497324E-03   1.32729001E-02   1.64635139E-09   5.06012334E-08   1.01889555E-06   1.34222602E-04
   3.15002465       4.90507482E-05   2.46493291E-04   1.05089787E-03   1.19905984E-02   1.20298793E-09   3.82157559E-08   7.93740696E-07   1.10689754E-04
   3.17502475       4.18766613E-05   2.13498104E-04   9.23069543E-04   1.08193485E-02   8.76827333E-10   2.87920940E-08   6.16888144E-07   9.10793606E-05
   3.20002484       3.57071694E-05   1.84691657E-04   8.09805701E-04   9.75092873E-03   6.37500996E-10   2.16397673E-08   4.78315087E-07   7.47762388E-05
   3.22502494       3.04085897E-05   1.59575313E-04   7.09577696E-04   8.77761748E-03   4.62341165E-10   1.62248597E-08   3.69999157E-07   6.12546573E-05
   3.25002503       2.58638829E-05   1.37705021E-04   6.20997045E-04   7.89215975E-03   3.34470202E-10   1.21355104E-08   2.85540324E-07   5.00663300E-05
   3.27502513       2.19709364E-05   1.18685362E-04   5.42814960E-04   7.08765257E-03   2.41361042E-10   9.05491504E-09   2.19843670E-07   4.08304622E-05
   3.30002522       1.86406432E-05   1.02166632E-04   4.73901047E-04   6.35762885E-03   1.73736775E-10   6.73999612E-09   1.68865313E-07   3.32242416E-05
   3.32502532       1.57953691E-05   8.78388382E-05   4.13232774E-04   5.69605175E-03   1.24746838E-10   5.00477260E-09   1.29403873E-07   2.69748052E-05
   3.35002542       1.33676822E-05   7.54272623E-05   3.59893835E-04   5.09725092E-03   8.93474600E-11   3.70730402E-09   9.89313236E-08   2.18521200E-05
   3.37502551       1.12989856E-05   6.46898552E-05   3.13059601E-04   4.55599558E-03   6.38335357E-11   2.73956680E-09   7.54572369E-08   1.76628891E-05
   3.40002561       9.53850304E-06   5.54125581E-05   2.71988451E-04   4.06739209E-03   4.54915203E-11   2.01955164E-09   5.74180419E-08   1.42450144E-05
   3.42502570       8.04225874E-06   4.74072731E-05   2.36018706E-04   3.62688676E-03   3.23389579E-11   1.48517598E-09   4.35889866E-08   1.14629629E-05
   3.45002580       6.77224762E-06   4.05085812E-05   2.04557553E-04   3.23026045E-03   2.29316687E-11   1.08955844E-09   3.30130732E-08   9.20374623E-06
   3.47502589       5.69566782E-06   3.45710978E-05   1.77074544E-04   2.87360931E-03   1.62203150E-11   7.97393263E-10   2.49445833E-08   7.37337359E-06
   3.50002599       4.78424590E-06   2.94676374E-05   1.53098110E-04   2.55331956E-03   1.14445042E-11   5.82163318E-10   1.88038882E-08   5.89388401E-06
   3.52502608       4.01365241E-06   2.50866215E-05   1.32207220E-04   2.26604193E-03   8.05470274E-12   4.24000723E-10   1.41416656E-08   4.70079613E-06
   3.55002618       3.36297035E-06   2.13306157E-05   1.14028189E-04   2.00869516E-03   5.65478480E-12   3.08062520E-10   1.06104734E-08   3.74089473E-06
   3.57502627       2.81425446E-06   1.81146461E-05   9.82293568E-05   1.77846989E-03   3.96001374E-12   2.23285695E-10   7.94237742E-09   2.97039696E-06
   3.60002637       2.35212860E-06   1.53646015E-05   8.45167597E-05   1.57276564E-03   2.76625467E-12   1.61448147E-10   5.93127458E-09   2.35335824E-06
   3.62502646       1.96343171E-06   1.30160206E-05   7.26301805E-05   1.38920767E-03   1.92753235E-12   1.16454374E-10   4.41903669E-09   1.86035993E-06
   3.65002656       1.63692050E-06   1.10128594E-05   6.23395899E-05   1.22562516E-03   1.33975437E-12   8.37970804E-11   3.28464855E-09   1.46737534E-06
   3.67502666       1.36300162E-06   9.30651913E-06   5.34419923E-05   1.08002755E-03   9.28886633E-13   6.01522443E-11   2.43575071E-09   1.15483817E-06
   3.70002675       1.13350279E-06   7.85486918E-06   4.57586793E-05   9.50598449E-04   6.42414236E-13   4.30750505E-11   1.80201432E-09   9.06852847E-07
   3.72502685       9.41468500E-07   6.62148932E-06   3.91324356E-05   8.35691346E-04   4.43181489E-13   3.07715901E-11   1.33004474E-09   7.10540519E-07
   3.75002694       7.80991002E-07   5.57490421E-06   3.34251454E-05   7.33806286E-04   3.04973494E-13   2.19293056E-11   9.79393677E-10   5.55490260E-07
   3.77502704       6.47058755E-07   4.68795315E-06   2.85155547E-05   6.43579289E-04   2.09342512E-13   1.55901576E-11   7.19500348E-10   4.33312351E-07
   3.80002713       5.35424192E-07   3.93726623E-06   2.42976093E-05   5.63779497E-04   1.43339537E-13   1.10567423E-11   5.27336286E-10   3.37258115E-07
   3.82502723       4.42496344E-07   3.30271337E-06   2.06784171E-05   4.93291998E-04   9.79015114E-14   7.82266613E-12   3.85591642E-10   2.61915488E-07
   3.85002732       3.65240425E-07   2.76701917E-06   1.75769455E-05   4.31106717E-04   6.67002803E-14   5.52119635E-12   2.81287549E-10   2.02953544E-07
   3.87502742       3.01095696E-07   2.31535955E-06   1.49225343E-05   3.76315496E-04   4.53293104E-14   3.88743031E-12   2.04718340E-10   1.56916727E-07
   3.90002751       2.47906399E-07   1.93504138E-06   1.26535988E-05   3.28099646E-04   3.07287900E-14   2.73050831E-12   1.48643764E-10   1.21054285E-07
   3.92502761       2.03858065E-07   1.61520234E-06   1.07166397E-05   2.85722723E-04   2.07790565E-14   1.91326555E-12   1.07676312E-10   9.31813844E-08
   3.95002770       1.67426847E-07   1.34656921E-06   9.06517471E-06   2.48525292E-04   1.40158745E-14   1.33739114E-12   7.78175718E-11   7.15675554E-08
   3.97502780       1.37334524E-07   1.12123291E-06   7.65888217E-06   2.15915818E-04   9.43038626E-15   9.32595364E-13   5.61072439E-11   5.48455361E-08
   4.00002766       1.12510278E-07   9.32455578E-07   6.46290391E-06   1.87363155E-04   6.32928133E-15   6.48753512E-13   4.03593547E-11   4.19377919E-08
   4.02502775       9.20579453E-08   7.74506816E-07   5.44706836E-06   1.62394295E-04   4.23733272E-15   4.50212730E-13   2.89636804E-11   3.19969260E-08
   4.05002785       7.52292877E-08   6.42521456E-07   4.58533032E-06   1.40586606E-04   2.82972278E-15   3.11678743E-13   2.07370787E-11   2.43584850E-08
   4.07502794       6.14002360E-08   5.32372781E-07   3.85523072E-06   1.21563418E-04   1.88499453E-15   2.15252810E-13   1.48124256E-11   1.85025559E-08
   4.10002804       5.00506552E-08   4.40563554E-07   3.23744666E-06   1.04989995E-04   1.25253398E-15   1.48300236E-13   1.05557663E-11   1.40233878E-08
   4.12502813       4.07480556E-08   3.64138430E-07   2.71536010E-06   9.05689958E-05   8.30202032E-16   1.01926456E-13   7.50478065E-12   1.06050759E-08
   4.15002823       3.31330554E-08   3.00600220E-07   2.27470241E-06   7.80365663E-05   5.48899637E-16   6.98850157E-14   5.32317940E-12   8.00230637E-09
   4.17502832       2.69074558E-08   2.47843616E-07   1.90324749E-06   6.71590387E-05   3.62005576E-16   4.78006035E-14   3.76694769E-12   6.02499561E-09
   4.20002842       2.18243876E-08   2.04094377E-07   1.59052070E-06   5.77292376E-05   2.38151942E-16   3.26163284E-14   2.65945729E-12   4.52625404E-09
   4.22502851       1.76793886E-08   1.67860748E-07   1.32756486E-06   4.95648346E-05   1.56280398E-16   2.22018347E-14   1.87319019E-12   3.39283179E-09
   4.25002861       1.43037493E-08   1.37889984E-07   1.10673784E-06   4.25049147E-05   1.02298624E-16   1.50763055E-14   1.31630546E-12   2.53761989E-09
   4.27502871       1.15581935E-08   1.13131051E-07   9.21524247E-07   3.64074658E-05   6.67959131E-17   1.02130049E-14   9.22820197E-13   1.89379312E-09
   4.30002880       9.32797661E-09   9.27033739E-08   7.66375592E-07   3.11479671E-05   4.35055742E-17   6.90183875E-15   6.45451140E-13   1.41019751E-09
   4.32502890       7.51867901E-09   7.58708012E-08   6.36574669E-07   2.66168063E-05   2.82652645E-17   4.65295696E-15   4.50397423E-13   1.04777764E-09
   4.35002899       6.05275430E-09   6.20182448E-08   5.28117084E-07   2.27179225E-05   1.83179180E-17   3.12928953E-15   3.13555497E-13   7.76784304E-10
   4.37502909       4.86655916E-09   5.06324866E-08   4.37606957E-07   1.93672895E-05   1.18416993E-17   2.09949716E-15   2.17780858E-13   5.74610970E-10
   4.40002918       3.90793709E-09   4.12861922E-08   3.62168663E-07   1.64913381E-05   7.63598630E-18   1.40519928E-15   1.50907715E-13   4.24121238E-10
   4.42502928       3.13422177E-09   3.36236923E-08   2.99371493E-07   1.40258871E-05   4.91167316E-18   9.38239126E-16   1.04325328E-13   3.12355114E-10
   4.45002937       2.51055732E-09   2.73496035E-08   2.47162632E-07   1.19149518E-05   3.15144895E-18   6.24945250E-16   7.19540259E-14   2.29536085E-10
   4.47502947       2.00847827E-09   2.22188881E-08   2.03811197E-07   1.01097648E-05   2.01699266E-18   4.15263276E-16   4.95116270E-14   1.68304926E-10
   4.50002956       1.60479952E-09   1.80284516E-08   1.67859440E-07   8.56794486E-06   1.28769067E-18   2.75269773E-16   3.39896703E-14   1.23136196E-10
   4.52502966       1.28065647E-09   1.46103325E-08   1.38082015E-07   7.25270411E-06   8.20040493E-19   1.82031642E-16   2.32794910E-14   8.98913999E-11
   4.55002975       1.02070707E-09   1.18257066E-08   1.13449317E-07   6.13211341E-06   5.20921489E-19   1.20084986E-16   1.59069908E-14   6.54779425E-11
   4.57502985       8.12505285E-10   9.56002921E-09   9.30977677E-08   5.17855005E-06   3.30082443E-19   7.90285843E-17   1.08440139E-14   4.75900708E-11
   4.60002995       6.45964615E-10   7.71892061E-09   7.63044454E-08   4.36810933E-06   2.08635126E-19   5.18839212E-17   7.37530561E-15   3.45129411E-11
   4.62503004       5.12918874E-10   6.22471230E-09   6.24644940E-08   3.68014730E-06   1.31542875E-19   3.39809369E-17   5.00446928E-15   2.49742831E-11
   4.65003014       4.06767287E-10   5.01357444E-09   5.10728562E-08   3.09687857E-06   8.27298163E-20   2.22019842E-17   3.38784803E-15   1.80322042E-11
   4.67503023       3.22181060E-10   4.03311695E-09   4.17080841E-08   2.60297861E-06   5.19003166E-20   1.44711129E-17   2.28811572E-15   1.29912088E-11
   4.70003033       2.54865712E-10   3.24041238E-09   3.40191164E-08   2.18526384E-06   3.24782645E-20   9.40948718E-18   1.54177361E-15   9.33890985E-12
   4.72503042       2.01362871E-10   2.60030664E-09   2.77140018E-08   1.83242105E-06   2.02735037E-20   6.10357301E-18   1.03645810E-15   6.69867547E-12
   4.75003052       1.58893024E-10   2.08408091E-09   2.25501307E-08   1.53473661E-06   1.26234975E-20   3.94963233E-18   6.95139505E-16   4.79432379E-12
   4.77503061       1.25224039E-10   1.66828218E-09   1.83261708E-08   1.28389615E-06   7.84052999E-21   2.54966761E-18   4.65136920E-16   3.42382741E-12
   4.80003071       9.85660095E-11   1.33379841E-09   1.48753667E-08   1.07278652E-06   4.85762905E-21   1.64196706E-18   3.10512326E-16   2.43973700E-12
   4.82503080       7.74861494E-11   1.06506370E-09   1.20597106E-08   8.95332960E-07   3.00205150E-21   1.05487293E-18   2.06807329E-16   1.73468791E-12
   4.85003090       6.08383691E-11   8.49429416E-10   9.76515047E-09   7.46351816E-07   1.85065365E-21   6.76067536E-19   1.37417570E-16   1.23068385E-12
   4.87503099       4.77077926E-11   6.76619039E-10   7.89759369E-09   6.21427375E-07   1.13801675E-21   4.32249795E-19   9.10979766E-17   8.71202307E-13
   4.90003109       3.73642992E-11   5.38302791E-10   6.37945385E-09   5.16802800E-07   6.98045471E-22   2.75698523E-19   6.02510219E-17   6.15374180E-13
   4.92503119       2.92268917E-11   4.27734542E-10   5.14689891E-09   4.29286587E-07   4.27105601E-22   1.75423837E-19   3.97566693E-17   4.33717840E-13
   4.95003128       2.28331087E-11   3.39459405E-10   4.14745038E-09   3.56170062E-07   2.60675413E-22   1.11351900E-19   2.61725339E-17   3.05016429E-13
   4.97503138       1.78157801E-11   2.69071154E-10   3.33802497E-09   2.95158600E-07   1.58701017E-22   7.05118158E-20   1.71898322E-17   2.14036390E-13
   5.00003147       1.38835740E-11   2.13015466E-10   2.68331357E-09   2.44310115E-07   9.63768092E-23   4.45431784E-20   1.12638838E-17   1.49865065E-13
   5.02503157       1.08057556E-11   1.68430658E-10   2.15440465E-09   2.01982857E-07   5.83821756E-23   2.80708717E-20   7.36368424E-18   1.04703742E-13
   5.05003166       8.39975051E-12   1.33013739E-10   1.72764958E-09   1.66792191E-07   3.52779070E-23   1.76475995E-20   4.80277938E-18   7.29916480E-14
   5.07503176       6.52130173E-12   1.04914986E-10   1.38375122E-09   1.37570410E-07   2.12636873E-23   1.10680425E-20   3.12522153E-18   5.07730793E-14
   5.10003185       5.05661181E-12   8.26501506E-11   1.10696508E-09   1.13334430E-07   1.27846608E-23   6.92486771E-21   2.02889744E-18   3.52405889E-14
   5.12503195       3.91598949E-12   6.50302728E-11   8.84470608E-10   9.32581301E-08   7.66748740E-24   4.32222630E-21   1.31410679E-18   2.44063735E-14
   5.15003204       3.02887164E-12   5.11038226E-11   7.05839942E-10   7.66477655E-08   4.58703171E-24   2.69128301E-21   8.49165729E-19   1.68660557E-14
   5.17503214       2.33979416E-12   4.01103248E-11   5.62603741E-10   6.29216714E-08   2.73731815E-24   1.67173363E-21   5.47451497E-19   1.16298386E-14
   5.20003223       1.80522708E-12   3.14430634E-11   4.47891196E-10   5.15928313E-08   1.62942247E-24   1.03592992E-21   3.52120137E-19   8.00173814E-15
   5.22503233       1.39104971E-12   2.46183629E-11   3.56135954E-10   4.22539088E-08   9.67509698E-25   6.40397990E-22   2.25958084E-19   5.49345928E-15
   5.25003242       1.07055770E-12   1.92512464E-11   2.82834811E-10   3.45646356E-08   5.73046853E-25   3.94934693E-22   1.44662722E-19   3.76321238E-15
   5.27503252       8.22878549E-13   1.50357227E-11   2.24348581E-10   2.82413524E-08   3.38564556E-25   2.42972213E-22   9.24012572E-20   2.57230565E-15
   5.30003262       6.31710396E-13   1.17288540E-11   1.77740975E-10   2.30477060E-08   1.99528992E-25   1.49122845E-22   5.88831815E-20   1.75444007E-15
   5.32503271       4.84347317E-13   9.13802714E-12   1.40645329E-10   1.87870270E-08   1.17296147E-25   9.13036699E-23   3.74366759E-20   1.19400591E-15
   5.35003281       3.70897594E-13   7.11074168E-12   1.11156966E-10   1.52959529E-08   6.87825080E-26   5.57684523E-23   2.37463133E-20   8.10824036E-16
   5.37503290       2.83666292E-13   5.52640659E-12   8.77448531E-11   1.24389548E-08   4.02332836E-26   3.39817233E-23   1.50275291E-20   5.49413469E-16
   5.40003300       2.16679620E-13   4.28979768E-12   6.91800089E-11   1.01036717E-08   2.34750291E-26   2.06566036E-23   9.48794096E-21   3.71470587E-16
   5.42503309       1.65304944E-13   3.32579819E-12   5.44770201E-11   8.19715140E-09   1.36628613E-26   1.25264769E-23   5.97653785E-21   2.50612379E-16
   5.45003319       1.25953731E-13   2.57525598E-12   4.28468858E-11   6.64254785E-09   7.93217128E-27   7.57802663E-24   3.75595978E-21   1.68707258E-16
   5.47503328       9.58501534E-14   1.99163884E-12   3.36588257E-11   5.37643574E-09   4.59362641E-27   4.57340690E-24   2.35496907E-21   1.13323215E-16
   5.50003338       7.28504171E-14   1.53839246E-12   2.64090208E-11   4.34653291E-09   2.65359173E-27   2.75347225E-24   1.47313809E-21   7.59551914E-17
   5.52503347       5.53004569E-14   1.18683188E-12   2.06956882E-11   3.50978047E-09   1.52907022E-27   1.65378407E-24   9.19380656E-22   5.07984187E-17
   5.55003357       4.19259388E-14   9.14485501E-13   1.61987194E-11   2.83077606E-09   8.78892160E-28   9.90909680E-25   5.72454927E-22   3.38998136E-17
   5.57503366       3.17462663E-14   7.03769345E-13   1.26635586E-11   2.28044694E-09   5.03912685E-28   5.92306744E-25   3.55616224E-22   2.25735041E-17
   5.60003376       2.40082646E-14   5.40940665E-13   9.88790994E-12   1.83494486E-09   2.88198396E-28   3.53196792E-25   2.20402234E-22   1.49987499E-17
   5.62503386       1.81336608E-14   4.15274071E-13   7.71129601E-12   1.47473767E-09   1.64414822E-28   2.10108763E-25   1.36284090E-22   9.94412544E-18
   5.65003395       1.36794186E-14   3.18409253E-13   6.00653294E-12   1.18384669E-09   9.35632475E-29   1.24689204E-25   8.40753690E-23   6.57859347E-18
   5.67503405       1.03063860E-14   2.43838586E-13   4.67298075E-12   9.49214929E-10   5.31107923E-29   7.38195574E-26   5.17472464E-23   4.34265603E-18
   5.70003414       7.75537098E-15   1.86502452E-13   3.63109976E-12   7.60190799E-10   3.00728875E-29   4.35985426E-26   3.17761251E-23   2.86044370E-18
   5.72503424       5.82850274E-15   1.42472920E-13   2.81809862E-12   6.08091855E-10   1.69857226E-29   2.56879858E-26   1.94674842E-23   1.88004050E-18
   5.75003433       4.37488240E-15   1.08704231E-13   2.18448220E-12   4.85853191E-10   9.56979844E-30   1.50989364E-26   1.18990927E-23   1.23298467E-18
   5.77503443       3.27971200E-15   8.28373557E-14   1.69127776E-12   3.87730181E-10   5.37825491E-30   8.85361397E-27   7.25626683E-24   8.06872605E-19
   5.80003452       2.45561310E-15   6.30480775E-14   1.30784142E-12   3.09060111E-10   3.01501775E-30   5.17908331E-27   4.41477328E-24   5.26876930E-19
   5.82503462       1.83629501E-15   4.79272790E-14   1.01011148E-12   2.46062337E-10   1.68598954E-30   3.02234183E-27   2.67978219E-24   3.43297428E-19
   5.85003471       1.37144968E-15   3.63881627E-14   7.79215017E-13   1.95675517E-10   9.40437140E-31   1.75951419E-27   1.62288143E-24   2.23197576E-19
   5.87503481       1.02300383E-15   2.75932807E-14   6.00370990E-13   1.55423507E-10   5.23268395E-31   1.02188100E-27   9.80550161E-25   1.44799155E-19
   5.90003490       7.62130864E-16   2.08983560E-14   4.62014650E-13   1.23306462E-10   2.90421749E-31   5.92060909E-28   5.91084700E-25   9.37346724E-20
   5.92503500       5.67074529E-16   1.58083758E-14   3.55112586E-13   9.77112558E-11   1.60786750E-31   3.42208910E-28   3.55489000E-25   6.05470230E-20
   5.95003510       4.21414006E-16   1.19434000E-14   2.72615318E-13   7.73378653E-11   8.87948802E-32   1.97321682E-28   2.13304192E-25   3.90251082E-20
   5.97503519       3.12775492E-16   9.01228063E-15   2.09030127E-13   6.11405232E-11   4.89142566E-32   1.13505548E-28   1.27693679E-25   2.50988441E-20
   6.00003529       2.31854093E-16   6.79214841E-15   1.60081529E-13   4.82786866E-11   2.68781603E-32   6.51356128E-29   7.62669491E-26   1.61073003E-20
   6.02503538       1.71653781E-16   5.11264513E-15   1.22446907E-13   3.80777319E-11   1.47325118E-32   3.72888565E-29   4.54465418E-26   1.03145658E-20
   6.05003548       1.26925902E-16   3.84370380E-15   9.35467795E-14   2.99968522E-11   8.05509267E-33   2.12960321E-29   2.70185908E-26   6.59081114E-21
   6.07503557       9.37354254E-17   2.88616143E-15   7.13812283E-14   2.36031229E-11   4.39316512E-33   1.21332571E-29   1.60258834E-26   4.20229642E-21
   6.10003567       6.91375291E-17   2.16449825E-15   5.44018566E-14   1.85503418E-11   2.38999913E-33   6.89629170E-30   9.48373896E-27   2.67358587E-21
   6.12503576       5.09308073E-17   1.62128438E-15   4.14111562E-14   1.45621085E-11   1.29697352E-33   3.91032954E-30   5.59931352E-27   1.69731484E-21
   6.15003586       3.74718839E-17   1.21290608E-15   3.14843739E-14   1.14178901E-11   7.02070981E-34   2.21192603E-30   3.29828368E-27   1.07520515E-21
   6.17503595       2.75351254E-17   9.06276973E-16   2.39082131E-14   8.94204242E-12   3.79091579E-34   1.24820987E-30   1.93838224E-27   6.79643580E-22
   6.20003605       2.02080885E-17   6.76333997E-16   1.81331763E-14   6.99484047E-12   2.04183415E-34   7.02690963E-31   1.13655231E-27   4.28679335E-22
   6.22503614       1.48122703E-17   5.04112294E-16   1.37364544E-14   5.46522593E-12   1.09701679E-34   3.94639879E-31   6.64872039E-28   2.69801890E-22
   6.25003624       1.08436289E-17   3.75283453E-16   1.03932230E-14   4.26508568E-12   5.87921433E-35   2.21104516E-31   3.88048113E-28   1.69441314E-22
   6.27503633       7.92840706E-18   2.79034570E-16   7.85415536E-15   3.32458236E-12   3.14298175E-35   1.23581719E-31   2.25960405E-28   1.06183190E-22
   6.30003643       5.78964804E-18   2.07215546E-16   5.92820572E-15   2.58842622E-12   1.67600111E-35   6.89082429E-32   1.31273732E-28   6.63978418E-23
   6.32503653       4.22256760E-18   1.53692593E-16   4.46911270E-15   2.01291154E-12   8.91503913E-36   3.83308548E-32   7.60892129E-29   4.14299966E-23
   6.35003662       3.07580907E-18   1.13854251E-16   3.36507259E-15   1.56351733E-12   4.73030040E-36   2.12709068E-32   4.40015168E-29   2.57951947E-23
   6.37503672       2.23767514E-18   8.42386177E-17   2.53070723E-15   1.21302773E-12   2.50359508E-36   1.17756315E-32   2.53870307E-29   1.60260169E-23
   6.40003681       1.62589680E-18   6.22500527E-17   1.90091854E-15   9.40001766E-13   1.32177027E-36   6.50343425E-33   1.46135682E-29   9.93518245E-24
   6.42503691       1.17990542E-18   4.59445692E-17   1.42613264E-15   7.27572082E-13   6.96088353E-37   3.58312572E-33   8.39268059E-30   6.14596404E-24
   6.45003700       8.55177626E-19   3.38683907E-17   1.06863731E-15   5.62487665E-13   3.65664395E-37   1.96943866E-33   4.80889360E-30   3.79374214E-24
   6.47503710       6.19047133E-19   2.49356838E-17   7.99788414E-16   4.34350283E-13   1.91609696E-37   1.07990095E-33   2.74909742E-30   2.33673735E-24
   6.50003719       4.47556358E-19   1.83364137E-17   5.97853007E-16   3.35009743E-13   1.00153346E-37   5.90726135E-34   1.56796267E-30   1.43620549E-24
   6.52503729       3.23169229E-19   1.34670827E-17   4.46363387E-16   2.58085762E-13   5.22191743E-38   3.22366239E-34   8.92240837E-31   8.80821281E-25
   6.55003738       2.33060593E-19   9.87866733E-18   3.32856896E-16   1.98591713E-13   2.71586216E-38   1.75498804E-34   5.06558179E-31   5.39043448E-25
   6.57503748       1.67866612E-19   7.23751769E-18   2.47913838E-16   1.52632843E-13   1.40896006E-38   9.53146954E-35   2.86931259E-31   3.29173660E-25
   6.60003757       1.20758133E-19   5.29599078E-18   1.84424603E-16   1.17172304E-13   7.29126420E-39   5.16424744E-35   1.62153874E-31   2.00582159E-25
   6.62503767       8.67614364E-20   3.87053442E-18   1.37028676E-16   8.98445814E-14   3.76377277E-39   2.79136057E-35   9.14278817E-32   1.21962222E-25
   6.65003777       6.22577811E-20   2.82527591E-18   1.01690090E-16   6.88096634E-14   1.93801539E-39   1.50517288E-35   5.14317687E-32   7.39988014E-26
   6.67503786       4.46188977E-20   2.05976224E-18   7.53738091E-17   5.26376699E-14   9.95423575E-40   8.09689893E-36   2.88659947E-32   4.48012535E-26
   6.70003796       3.19374790E-20   1.49982114E-18   5.58003600E-17   4.02192724E-14   5.10001175E-40   4.34523237E-36   1.61637996E-32   2.70658731E-26
   6.72503805       2.28317407E-20   1.09075696E-18   4.12599245E-17   3.06945767E-14   2.60644317E-40   2.32631796E-36   9.03030923E-33   1.63162751E-26
   6.75003815       1.63017427E-20   7.92287291E-19   3.04715603E-17   2.33980299E-14   1.32873923E-40   1.24247427E-36   5.03343301E-33   9.81493497E-27
   6.77503824       1.16248474E-20   5.74782165E-19   2.24768564E-17   1.78150595E-14   6.75678094E-41   6.62015008E-37   2.79916539E-33   5.89143703E-27
   6.80003834       8.27936627E-21   4.16476546E-19   1.65596463E-17   1.35483293E-14   3.42729578E-41   3.51893084E-37   1.55308628E-33   3.52876588E-27
   6.82503843       5.88929857E-21   3.01400549E-19   1.21854474E-17   1.02914029E-14   1.73424698E-41   1.86601847E-37   8.59737466E-34   2.10907722E-27
   6.85003853       4.18396718E-21   2.17853110E-19   8.95585223E-18   7.80824871E-15   8.75251021E-42   9.87151205E-38   4.74830841E-34   1.25785441E-27
   6.87503862       2.96872254E-21   1.57271436E-19   6.57426111E-18   5.91730017E-15   4.40568237E-42   5.20971716E-38   2.61646744E-34   7.48578058E-28
   6.90003872       2.10381474E-21   1.13397092E-19   4.82016424E-18   4.47902722E-15   2.21405157E-42   2.74288200E-38   1.43845083E-34   4.44541994E-28
   6.92503881       1.48903082E-21   8.16620941E-20   3.52981707E-18   3.38637187E-15   1.10842709E-42   1.44066612E-38   7.89002943E-35   2.63425255E-28
   6.95003891       1.05258329E-21   5.87361695E-20   2.58176656E-18   2.55726531E-15   5.54914192E-43   7.54887470E-39   4.31783498E-35   1.55765579E-28
   6.97503901       7.43131812E-22   4.21945800E-20   1.88606568E-18   1.92889180E-15   2.76055797E-43   3.94606208E-39   2.35753212E-35   9.19084163E-29
   7.00003910       5.24000642E-22   3.02742999E-20   1.37616777E-18   1.45321652E-15   1.37327250E-43   2.05782221E-39   1.28426159E-35   5.41139129E-29
   7.02503920       3.69025219E-22   2.16949118E-20   1.00290893E-18   1.09356136E-15   6.72623263E-44   1.07055840E-39   6.97997554E-36   3.17931011E-29
   7.05003929       2.59560481E-22   1.55277311E-20   7.30005192E-19   8.21952778E-16   3.36311631E-44   5.55605032E-40   3.78493720E-36   1.86392222E-29
   7.07503939       1.82337499E-22   1.11000449E-20   5.30719908E-19   6.17080178E-16   1.68155816E-44   2.87641733E-40   2.04770987E-36   1.09041910E-29
   7.10003948       1.27929788E-22   7.92515848E-21   3.85371919E-19   4.62729017E-16   8.40779079E-45   1.48543242E-40   1.10530746E-36   6.36546403E-30
   7.12503958       8.96445755E-23   5.65141750E-21   2.79492231E-19   3.46579253E-16   4.20389539E-45   7.65108962E-41   5.95255265E-37   3.70798916E-30
   7.15003967       6.27385622E-23   4.02506571E-21   2.02457806E-19   2.59280332E-16   2.80259693E-45   3.93064219E-41   3.19837070E-37   2.15535259E-30
   7.17503977       4.38530775E-23   2.86322228E-21   1.46478707E-19   1.93743527E-16   0.00000000       2.02179342E-41   1.71458766E-37   1.25017294E-30
   7.20003986       3.06143822E-23   2.03424756E-21   1.05849702E-19   1.44602487E-16   0.00000000       1.04452788E-41   9.17057135E-38   7.23592381E-31
   7.22503996       2.13454764E-23   1.44350701E-21   7.63976388E-20   1.07799223E-16   0.00000000       5.49028738E-42   4.89371763E-38   4.17917488E-31
   7.25004005       1.48643009E-23   1.02305823E-21   5.50738467E-20   8.02686802E-17   0.00000000       3.00718650E-42   2.60547908E-38   2.40857382E-31
   7.27504015       1.03380758E-23   7.24182793E-22   3.96539012E-20   5.96990939E-17   0.00000000       1.80767502E-42   1.38401961E-38   1.38516798E-31
   7.30004025       7.18110889E-24   5.11991276E-22   2.85168384E-20   4.43486334E-17   0.00000000       1.25836602E-42   7.33503656E-39   7.94910364E-32
   7.32504034       4.98197571E-24   3.61529551E-22   2.04829307E-20   3.29066907E-17   0.00000000       9.08041405E-43   3.87854192E-39   4.55206014E-32
   7.35004044       3.45198038E-24   2.54971154E-22   1.46946212E-20   2.43881432E-17   0.00000000       5.57716789E-43   2.04617742E-39   2.60118621E-32
   7.37504053       2.38886488E-24   1.79599420E-22   1.05293113E-20   1.80536288E-17   0.00000000       2.07392173E-43   1.07704921E-39   1.48323275E-32
   7.40004063       1.65109909E-24   1.26352975E-22   7.53557822E-21   1.33487843E-17   0.00000000       0.00000000       5.65650941E-40   8.43959393E-33
   7.42504072       1.13975442E-24   8.87835055E-23   5.38652583E-21   9.85848991E-18   0.00000000       0.00000000       2.96433480E-40   4.79191227E-33
   7.45004082       7.85789179E-25   6.23082733E-23   3.84570201E-21   7.27227581E-18   0.00000000       0.00000000       1.55062083E-40   2.71500771E-33
   7.47504091       5.41076983E-25   4.36742648E-23   2.74232143E-21   5.35823075E-18   0.00000000       0.00000000       8.09992551E-41   1.53500111E-33
   7.50004101       3.72107710E-25   3.05753904E-23   1.95315154E-21   3.94333790E-18   0.00000000       0.00000000       4.23220162E-41   8.66008086E-34
   7.52504110       2.55584721E-25   2.13788957E-23   1.38940675E-21   2.89866296E-18   0.00000000       0.00000000       2.22498170E-41   4.87541103E-34
   7.55004120       1.75331263E-25   1.49301803E-23   9.87184020E-22   2.12825052E-18   0.00000000       0.00000000       1.18816097E-41   2.73890276E-34
   7.57504129       1.20126481E-25   1.04138506E-23   7.00554932E-22   1.56077298E-18   0.00000000       0.00000000       6.56928720E-42   1.53538985E-34
   7.60004139       8.22011860E-26   7.25478535E-24   4.96548434E-22   1.14326804E-18   0.00000000       0.00000000       3.88439934E-42   8.58889699E-35
   7.62504148       5.61787910E-26   5.04781996E-24   3.51525709E-22   8.36464526E-19   0.00000000       0.00000000       2.55596840E-42   4.79438945E-35
   7.65004158       3.83464269E-26   3.50792166E-24   2.48558030E-22   6.11277580E-19   0.00000000       0.00000000       1.95901525E-42   2.67058685E-35
   7.67504168       2.61417133E-26   2.43479769E-24   1.75538969E-22   4.46191717E-19   0.00000000       0.00000000       1.60869064E-42   1.48442466E-35
   7.70004177       1.77992396E-26   1.68788229E-24   1.23821299E-22   3.25309042E-19   0.00000000       0.00000000       1.25836602E-42   8.23355733E-36
   7.72504187       1.21038573E-26   1.16865996E-24   8.72353186E-23   2.36898479E-19   0.00000000       0.00000000       9.08041405E-43   4.55716789E-36
   7.75004196       8.22061626E-27   8.08166698E-25   6.13854070E-23   1.72313806E-19   0.00000000       0.00000000       5.57716789E-43   2.51698656E-36
   7.77504206       5.57626283E-27   5.58188017E-25   4.31433015E-23   1.25190038E-19   0.00000000       0.00000000       2.07392173E-43   1.38722109E-36
   7.80004215       3.77779787E-27   3.85058317E-25   3.02856670E-23   9.08471335E-20   0.00000000       0.00000000       0.00000000       7.62938810E-37
   7.82504225       2.55617607E-27   2.65301367E-25   2.12342328E-23   6.58483589E-20   0.00000000       0.00000000       0.00000000       4.18709954E-37
   7.85004234       1.72742589E-27   1.82565512E-25   1.48700218E-23   4.76727451E-20   0.00000000       0.00000000       0.00000000       2.29306597E-37
   7.87504244       1.16591350E-27   1.25477276E-25   1.04006987E-23   3.44736568E-20   0.00000000       0.00000000       0.00000000       1.25314153E-37
   7.90004253       7.85940858E-28   8.61346252E-26   7.26589093E-24   2.48998360E-20   0.00000000       0.00000000       0.00000000       6.83382993E-38
   7.92504263       5.29139286E-28   5.90551134E-26   5.06980551E-24   1.79637618E-20   0.00000000       0.00000000       0.00000000       3.71885667E-38
   7.95004272       3.55802003E-28   4.04393458E-26   3.53321057E-24   1.29446593E-20   0.00000000       0.00000000       0.00000000       2.01946951E-38
   7.97504282       2.38947986E-28   2.76577838E-26   2.45936656E-24   9.31698841E-21   0.00000000       0.00000000       0.00000000       1.09433535E-38
   8.00000000       1.60381094E-28   0.00000000       0.00000000       0.00000000       0.00000000       0.00000000       0.00000000       0.00000000    
